FUE 1,61.3445865680268,61.3437778810254,61.337737448329,61.3043339986664,61.2967766939371,61.2694497712081,61.2503138307883,61.1476885104169,60.972416110263,61.003088426495,61.0896246880303,60.4905110222436,60.56374980435,58.1558566826103,53.7476083895157,60.2015528727106,60.2020059905137,57.7340958753038,57.6026485395334,49.7554224415349,59.3137604507309,55.6507895259831,58.4974555524529,49.9235543729133,58.9511853491881,54.1061675279272,45.5198101022392,57.9868196451984,55.1758196947037,58.2683073276467,55.6787084470201,57.6154120693018,47.2194689984688,57.2656488683139,57.9915699773006,57.8487008182763
FUE 2,63.4983123082093,63.4973433787385,63.4901071558372,63.4501268486965,63.4410899511693,63.4084384868765,63.385597733039,63.2634321615653,63.0560283779571,63.0922135155901,63.1945534417087,62.4932405514935,62.578107947117,59.8835310459168,55.2428829794456,62.1605486177971,62.1610677298848,59.4272566995602,59.285771667103,51.1740578336207,61.1573671059503,57.2173776887064,60.2558775905633,51.3441795381614,60.7547658756269,55.6125254109511,46.9071653594538,59.700224426691,56.7214648748101,60.0058140023392,57.2466037218247,59.299495589229,48.6158710757213,58.9244799090405,59.7053676008509,59.5508843589323
FUE 3,74.8641080399151,74.8633271768383,74.8574944148894,74.8252343568063,74.8179345605936,74.7915351745445,74.7730454019833,74.6738388918486,74.5042277434697,74.5339252467601,74.6176750568266,74.0367937483203,74.1079323881168,71.7538087771665,67.3923690552883,73.7557937195784,73.7562347570539,71.3388108854924,71.2093425333171,63.4162930569127,72.8894596187725,69.2808650778037,72.0894365137294,63.5840023603024,72.5344875622166,67.7486267514477,59.1873555838332,71.5875600679006,68.810177779645,71.8643445142373,69.3085175372166,71.2219164797916,60.8850779793424,70.877154904464,71.5922334905299,71.451641619642
FUE 4,57.680023003925,57.679402780936,57.6747692162774,57.6491186527678,57.6433090406548,57.6222822209393,57.6075398543338,57.5282238201044,57.391786010635,57.4157502053091,57.4831603338965,57.0105199794515,57.0690288488314,55.0525100389683,51.0118110166255,56.7777704890125,56.778137807619,54.6822065128757,54.5659174955161,47.1526950694205,56.0447336279018,52.7967315605351,55.3491118419879,47.317289852756,55.7381526018689,51.3516489638638,42.9732866687882,54.904624554898,52.3559590856181,55.1504862903854,52.8225304654887,54.5772268898763,44.6565736581262,54.2659695248229,54.9087902700327,54.7832606285023
FUE 5,59.9348034249028,59.9338147137895,59.9264308986414,59.8856396482505,59.8764205031641,59.8431137697913,59.819817612018,59.6952573126822,59.483941904485,59.5207958596513,59.625058377778,58.9114499324022,58.9977000808711,56.2702101278414,51.6045973771544,58.5735945492178,58.5741214092449,55.8101340429843,55.6675496170323,47.5278581629599,57.5570650219335,53.5865960173981,56.6459719712842,47.6981833976947,57.1499252181996,51.9753971245092,43.257779570895,56.0853276162688,53.0884653462391,56.3935822881263,53.6159608659688,55.6813786056217,44.9674041766819,55.3036088680164,56.0905140978793,55.9347523378978
FUE 6,59.791414464271,59.7903778991918,59.7826370657115,59.7398849236078,59.7302252691607,59.695335210941,59.6709391424424,59.5406014698331,59.3198724447942,59.358333913437,59.4672221087418,58.724150786459,58.8137002092621,56.0086307929511,51.2854665729689,58.374006673916,58.3745519366658,55.5397196569743,55.3945850810136,47.1907092150547,57.3259368293895,53.2846494449492,56.392351592223,47.3614964860014,56.9081466346789,51.6589102449391,42.9134069977888,55.8200828660073,52.7814296367043,56.1345389526807,53.3143331069598,55.4086576888749,44.6251131506264,55.0245085305291,55.8253700186249,55.6666376639639
FUE 7,60.9265654027933,60.9255802634039,60.9182230967224,60.8775782526667,60.8683920071663,60.8352035545438,60.8119895918206,60.687861396464,60.4772513807575,60.5139847633863,60.6179005972767,59.906507132916,59.9925084420941,57.2709238964833,52.609765979399,59.5695803865823,59.5701058538351,56.8115275729939,56.6691396305685,48.5344346070938,58.5554472824213,54.5904277884307,57.6460746582652,48.7047236620479,58.1491209311602,52.9803596738193,44.2649222016084,57.086323218122,54.0926924279246,57.3941012140339,54.6197678890323,56.6829498434524,45.9743835519021,56.3056721412589,57.0915019557331,56.9359687866041
FUE 8,64.1047918380078,64.1041158384163,64.0990658522574,64.0711187933426,64.0647910956843,64.0418954573535,64.0258486828114,63.9395968245158,63.7915453742312,63.8175208626819,63.8906536391051,63.3798428296196,63.4428372705424,61.3035016332688,57.1404393453207,63.1298791988065,63.1302729116642,60.9164815398857,60.7952426197214,53.2353054472368,62.3486448931974,58.9654857855116,61.6146119349397,53.4011353896949,62.0243324754106,57.4866775476762,49.0361828692527,61.148760976081,58.5131842736173,61.4061560083926,58.991997436621,60.8070273622029,50.7252295951671,60.4831464928238,61.1531164676441,61.0219507928053
FUE 9,69.0003989676601,68.9995589679034,68.993284838173,68.9585951268861,68.9507482364764,68.9223785385124,68.9025164288755,68.7960528342322,68.6144386643461,68.6462017235405,68.7358586795373,68.1164022893007,68.1919751100943,65.7250649750763,61.2666656955572,67.8186212859858,67.81908777096,65.2959888628276,65.1624053807319,57.2574759903413,66.9072077054915,63.1854602738481,66.0731424518227,57.4260523448609,66.5363217925084,61.6276645740903,53.0148563059228,65.553008987799,62.7059259273551,65.8395912495217,63.2136635090471,65.1753734620714,54.7165458885409,64.8202199473217,65.5578425364108,65.4125106369022
FUE 10,59.5594023638673,59.5586441211279,59.5529801999659,59.5216500060665,59.5145596901305,59.4889150314483,59.4709512120559,59.3745298322755,59.2095393788837,59.2384404631164,59.3199155412604,58.7539665372732,58.8233793408851,56.5139259897718,52.1922105574429,58.4795200835406,58.4799511561625,56.1046187259124,55.976818670996,48.2299909258657,57.6309667766538,54.0681586370912,56.844542878683,48.3973354985492,57.2823334447979,52.5464965427153,44.0068226876838,56.350021531109,53.6011224994211,56.6228533964551,54.0955841395455,55.9892327367134,45.7028696199054,55.6486934804415,56.3546302559352,56.2159549798189
FUE 11,55.2312536268528,55.2302572477518,55.2228162227305,55.1817106817311,55.1724209156622,55.1388602992964,55.1153877272721,54.9899001810849,54.7770717028126,54.8141842318558,54.9191903575694,54.200834181373,54.2876173283676,51.5475041754159,46.8724044528445,53.8609905617532,53.8615204027479,51.0859785068668,50.9429752143197,42.7926734356183,52.8393363904552,48.8572467991338,51.9245697507044,42.9630755180259,52.4304590707707,47.2436423373873,38.5213924952847,51.3620205713463,48.3582749384615,51.671291966788,48.8866643173739,50.9568442266812,40.2313637386034,50.5780258065825,51.3672235676884,51.2109743572716
FUE 12,78.0684128483445,78.0675633384265,78.061218234167,78.0261379702572,78.0182031726141,77.9895169909107,77.9694345464011,77.861807136647,77.6782729930321,77.7103660151562,77.8009676154161,77.175369285545,77.2516449063019,74.7671140411189,70.2939831826054,76.8749360763716,76.8754065743045,74.3358753580913,74.2016612721425,66.2798484216033,75.9564562029608,72.2173405580446,75.1171106872092,66.4485537061094,75.5830959474835,70.6556936426011,62.035198109714,74.5941650114968,71.7364701060377,74.8822547790309,72.2456270765547,74.2146897210036,63.7374757211425,73.8579466392139,74.599023165792,74.452963334894
FUE 13,57.2829332429795,57.2820347414461,57.2753240325908,57.2382326080112,57.2298452831382,57.1995303784636,57.1783144533066,57.0647058220239,56.871325774789,56.9051089974922,57.000553790658,56.3435806088119,56.4234326361813,53.8502813644428,49.3046918993324,56.0296825217523,56.0301733552117,53.4083143866204,53.2709779268789,45.2665572391498,55.0755702517444,51.2503366647913,54.2098255522981,45.4358862341805,54.6898153010089,49.6698690854185,41.0120978154441,53.6728981816444,50.7629256081307,53.9684762111528,51.2790312710614,53.2843051629042,42.7172131983344,52.9197027986396,53.6778784357708,53.52820816194
FUE 14,64.2967656354709,64.2960769159309,64.2909319704837,64.2624614276755,64.2560156799039,64.2326943593095,64.2163505980405,64.1285214336129,63.9778357857629,64.0042668559405,64.078697296174,63.5592704904763,63.6232726284382,61.4568000563614,57.2676142365446,63.3054514578622,63.3058510678609,61.0661581843425,60.9438500779205,53.3528843149232,62.5135213829074,59.1011290251537,61.7710675240005,53.5189702213612,62.1853104174193,57.6151968352955,49.14968820602,61.3005721189248,58.6463846634435,61.5604710263729,59.1277919558374,60.9557374319878,50.839922757437,60.6291362024751,61.3049687454434,61.1725823646799
FUE 15,80.1324452735319,80.1316105128774,80.1253754832368,80.0909009463413,80.0831024924302,80.0549071882058,80.0351665025199,79.929344431227,79.7487891809148,79.7803702045705,79.8695061333137,79.2534405344585,79.3286249820014,76.8714817417687,72.4212953984967,78.9571260420896,78.9575903070871,76.44360855962,76.3103760265423,68.4148723356997,78.0496264965126,74.3375415518333,77.2184924608127,68.5833764945269,77.6801134687254,72.7818965680505,64.1733901635032,76.6999223963496,73.8587530183695,76.9856663908985,74.3656983101907,76.3233105082022,65.8747502601349,75.9690419657371,76.7047422590329,76.5598152933098
FUE 16,60.256626598692,60.2556052862902,60.2479782430133,60.2058509699515,60.1963316643119,60.1619459823779,60.1379002223509,60.0094015816384,59.7916654927214,59.8296161867769,59.9370338903328,59.2033104918811,59.291815279409,56.5111662759144,51.8059254791125,58.8570525377382,58.8575919864754,56.0450172982441,55.9006792737476,47.7167459937393,57.8189225506101,53.7997737355153,56.8923955080461,47.8873904317974,57.4044776446337,52.1785493272287,43.4416755077464,56.323764759943,53.2981352991678,56.6362808763954,53.829358288584,55.9146757998675,45.152738831931,55.5325179523543,56.3290204351465,56.1712167034144
FUE 17,65.5381953350096,65.5374837928415,65.5325566400434,65.4869070627553,65.5019083363398,65.4885514384364,65.4767634983437,65.3862311860695,65.3424843616583,65.3095557663739,65.2069279402096,65.153990722212,65.0228155102812,63.0887946690244,61.9280626311255,63.8144665988918,63.8799200274766,54.1179232833066,53.6320370470907,51.6241568962764,62.3396117672284,45.9295356224301,59.1731313643139,61.7647463117929,62.1976974158116,62.4402863572645,60.6363562078386,59.1765125006165,62.3768794482664,61.9811501845893,62.4041894676677,58.255884539159,42.0872439448753,56.9210904350878,61.6952357511111,60.0098395415296
FUE 18,69.3576729590587,69.3568522225049,69.3511695069423,69.2985665023131,69.3158435138404,69.3004598931468,69.2868892503852,69.1828495416281,69.1326906399667,69.0949842072101,68.977728410823,68.917398655758,68.7683409385034,66.630053685591,65.3866934971955,67.420897809055,67.4928360373969,57.3591828481759,56.8688458343111,54.847076771857,65.8248765728828,49.1352553164129,62.5080636611204,65.2135293685546,65.6734728721959,65.9324865564847,64.0267992227153,62.5115520275651,65.8646915856857,65.4430677265061,65.8938831945271,61.5646829979849,45.2892469042479,60.2006700831207,65.1399449813069,63.3741231417028
FUE 19,74.2847793438527,74.2839746746198,74.278403126299,74.2268224172259,74.243765002571,74.228679221856,74.2153704607449,74.1133120309317,74.0640918201845,74.027084066277,73.911963289486,73.8527101749313,73.7062503777997,71.5969971644377,70.3650521746924,72.3787048315284,72.4497274967106,62.3666905468863,61.8769372585747,59.8569864071903,70.7995761595566,54.1474096496584,67.5031648133381,70.1932360870544,70.649478368722,70.9062301473677,69.0144380367523,67.5066388442353,70.8390401933139,70.4209759120254,70.8679724370951,66.5632688401296,50.3018852724723,65.2031304993885,70.1202085842635,68.3652888678694
FUE 20,66.392612613961,66.3918178561551,66.3863148850482,66.3353649461062,66.3521011595665,66.3371991724131,66.3240520322419,66.2232168647169,66.1745765267601,66.1380005107393,66.0241997332608,65.9656126619684,65.820761120031,63.7295881031043,62.5048055918446,64.5055851092624,64.5760365850204,54.5248734004117,54.0354912394486,52.016696913083,62.9370303386185,46.3085490529803,59.6534789531753,62.3338373591623,62.7877527715296,63.0430841333228,61.1600369228974,59.6569439131365,62.9762739957887,62.5604460862726,63.0050434052078,58.7157893974341,42.4633329542621,57.3581077369766,62.2611602358922,60.5131146686199
FUE 21,59.6985216480654,59.6977147026712,59.6921274057544,59.6404018561428,59.6573918267677,59.6422638448722,59.628917975492,59.5265787389449,59.4772254491117,59.4401186268262,59.3246950325727,59.2652891657847,59.1184606455879,57.0050737295292,55.7714970080193,57.7880847500724,57.8592378945924,47.7689519993833,47.2791146906996,45.2589020674289,56.2065444375329,39.5490020063267,52.9072097563685,55.5994879835221,56.0562598754861,56.3133351213409,54.4195536210964,52.9106858455353,56.2460586601038,55.827485210073,56.2750279899759,51.9668132855998,35.7034078948919,50.6061180452735,55.5263807622877,53.7698986332118
FUE 22,58.4109907718279,58.4099906609306,58.4030671038615,58.3390713777219,58.3600717363785,58.3413719330643,58.3248877498889,58.1988742685184,58.1383467970055,58.092940402096,57.9522469684347,57.8801503080011,57.7028417034402,55.2617966373158,53.9054730224757,56.1454415991394,56.2268005497618,45.6034162656084,45.1077729464371,43.0695215743682,54.3795148717143,37.3374470133956,50.8668121401734,53.7191800445153,54.2152758912748,54.4965475297454,52.4560721611974,50.8704347806203,54.4227866579967,53.9662444596715,54.4545346878904,49.8909276923778,33.4870850458722,48.4910878921608,53.6401847939653,51.7699063505808
FUE 23,59.110724333688,59.1101267696486,59.1059884408912,59.0676115863972,59.0802299987837,59.0689951007471,59.0590753457221,58.9827493288288,58.9457781865689,58.9179117649679,58.8308540465136,58.7858268217179,58.6739016959351,56.9720848973932,55.912233609287,57.6211128544938,57.679075552075,48.3893431208475,47.9096984200584,45.9213946079464,56.2907980072021,40.2512274608129,53.3166576809296,55.7612286622691,56.1605838460514,56.3829573822416,54.7070838342386,53.3198961025342,56.3249345759257,55.961226230553,56.3499344223835,52.4344396447177,36.4142509300525,51.1394004811755,55.6968294635005,54.1146057016131
FUE 24,59.6260550443477,59.6251019291742,59.6185034309021,59.5574890127767,59.577515661274,59.5596831186181,59.5439604920771,59.4236784869365,59.365848038731,59.3224414403198,59.1878189773859,59.1187611123807,58.9487233795162,56.5834194173995,55.2543521108461,57.4442681562691,57.5232923479765,47.0163263422968,46.5218901921438,44.4873812371394,55.7198000238669,38.7598902623116,52.2533913888218,55.0711921251086,55.5586433555398,55.8345654767818,53.8261680578214,52.2569828406394,55.7622405040268,55.3140726111954,55.7933734267678,51.2850350397922,34.9105114124302,49.8934429402954,54.9934859941411,53.1478552207076
FUE 25,70.1421636676734,70.1413201252027,70.1354796247146,70.0814260855901,70.0991775233137,70.0833713743159,70.0694292731414,69.9625810309909,69.9110925823658,69.8723970025556,69.7521209556168,69.6902695176975,69.5375437440493,67.3586196387272,66.0994596195311,68.1621812179011,68.2353973943053,58.0320483995801,57.5409188054469,55.5166825918134,66.5426964847007,49.8018186353097,63.1978343899583,65.9244361840854,66.3894879499743,66.6516285232188,64.7267933127166,63.2013423561525,66.5829967889267,66.1564555032165,66.6125470764899,62.2496939515845,45.9551546392958,60.8803993062119,65.8500841058216,64.0692801932468
FUE 26,87.3861713021189,87.3853978600982,87.3800423772161,87.3304493725699,87.3467415634084,87.3322350168962,87.3194356554954,87.2212340486704,87.1738429360285,87.1381973587195,87.0272431242196,86.9700933944791,86.8287153881499,84.7768741387411,83.5678176776374,85.5403918844624,85.6095980360245,75.6287339391693,75.1401801239812,73.123968596975,83.99498514393,67.4190148832039,80.739830411077,83.3987165048337,83.8475107141199,84.0997201950988,82.2359450748233,80.743275245774,84.0337445222431,83.6228347033813,84.0621561526592,79.8070401538787,63.5744883539118,78.4548229401363,83.3268112926182,81.5939504309708
FUE 27,54.1329478647909,54.1323949480203,54.1285656604314,54.0930417578606,54.1047246859706,54.0943228261645,54.0851369380916,54.014405902015,53.9801122838275,53.9542500728691,53.873377347074,53.8315041426359,53.7272884506608,52.1223674569421,51.1069721782703,52.7385966150024,52.7933978006509,43.7192332659928,43.2426744451576,41.2640925204867,51.4708367974834,35.6061622587123,48.5847466096221,50.9614953797698,51.3458184135478,51.5592274499415,49.9411758505694,48.5879175613512,51.5035863375315,51.1541310862123,51.5275637418379,47.7191880810878,31.7718591502486,46.4432984440596,50.8993980065638,49.3644896546028
FUE 28,71.3605247191698,71.3598356062845,71.3550636699365,71.3108440756457,71.3253770363187,71.3124371933051,71.3010162881922,71.2132708834287,71.1708506931745,71.1389121524188,71.0393236974769,70.9879271971866,70.8604921089326,68.9705460957574,67.8283735546347,69.6818808597034,69.7459219999248,60.069185180389,59.5843754982194,57.5798636223626,68.2338930116,51.8894322596356,65.1020501378024,67.667298202423,68.0941217634673,68.3330049174526,66.5523128038096,65.1054060374247,68.2705863720302,67.8807145793273,68.2974724338627,64.1909769505844,48.0480486823864,62.8631398916074,67.5987165073652,65.9318791042494
FUE 29,68.1537877917615,68.1529321958924,68.1470083054615,68.0921883701686,68.1101904299719,68.0941610726224,68.080022769117,67.9716919043515,67.9195020995859,67.8802849424528,67.7584174392952,67.6957648231507,67.5411095486225,65.3409746007904,64.0736487832546,66.1511417578721,66.225023340711,55.9858149255458,55.494282522637,53.4687931515283,64.5194926900422,47.7523852732569,61.160219016075,63.8976673644742,64.3653525878859,64.6291074814981,62.6944143595313,61.16373700347,64.5600435782178,64.1309651048249,64.5897790995814,60.2096469635833,43.9053888136699,58.8376587615289,63.822919924748,62.0344213784012
FUE 30,59.9882455069688,59.9873126552776,59.980854323524,59.921126156787,59.9407325701253,59.9232743144402,59.9078804440314,59.7900753083037,59.7334120053829,59.690871495974,59.5588818057414,59.4911437457913,59.3242692699028,56.9923742886027,55.675536985648,57.8430792208481,57.9210688321616,47.4666846031701,46.9728044980664,44.9400208073656,56.1371167569498,39.2146458401169,52.6916771108998,55.4937899275433,55.9773461648987,56.250863586541,54.256950350502,52.6952543260801,56.17918365349,55.7347838620095,56.2100402177442,51.7267614649051,35.3657212707877,50.3389489545179,55.4166655978169,53.5822071173005
FUE 31,55.4291855100549,55.4283013385234,55.4221797582339,55.3655435511026,55.3841394379128,55.3675812023533,55.3529780853391,55.2411370962286,55.1872882286303,55.146837861116,55.0212106175719,54.9566670074781,54.7974624031776,52.5477601171357,51.2615653670845,53.3732773000242,53.4487094624028,43.1270492229285,42.6346032962843,40.6062736784444,51.7134206801453,34.8863702216561,48.3210647517278,51.0833779916473,51.5571311677664,51.8246117596917,49.8672386617894,48.3246056178098,51.7545500022608,51.3196199226009,51.7847131779308,47.364946372907,31.0386215649942,45.9868262476772,51.0077206179129,49.201566957698
FUE 32,54.4029559163751,54.4023593173437,54.3982276679494,54.3599124528686,54.3725106580278,54.3612937545075,54.3513898489955,54.2751845822331,54.2382711721147,54.2104479420453,54.1235233897335,54.0785640012446,53.966804486292,52.267044814475,51.2081224096568,52.9153814669183,52.9732772584406,43.6879993206331,43.2084168272164,41.2203087129328,51.5863806936307,35.5503872801345,48.6140588856978,51.0572323207021,51.4562748473199,51.6784614237862,50.0037871695961,48.6172959276114,51.620488325912,51.2570769003223,51.6454668362029,47.7321808777994,31.7134643409443,46.437530989745,50.9928809046466,49.4116338704679
FUE 33,63.7269334823319,63.7259868399992,63.7209157405507,63.6418808217101,63.6776384168341,63.6701922464996,63.6554253136977,63.4830981047968,63.5295823092009,63.3941420473426,62.9013923264656,63.4058437518499,62.919642428536,62.5804723152322,62.1099911243749,58.0014904278657,58.3266485051643,52.0855470129088,52.2861068582629,58.9941930417642,53.1152376482292,52.5232685912991,39.2648819311138,60.9876135346434,53.8088878508655,60.7329685954822,60.5486404092734,40.9847596982741,60.1548006618973,55.1592554937594,59.9246136232721,37.1071865394849,55.9753448557703,27.2785550037211,54.7904945676989,47.5317982697725
FUE 34,69.5849836832725,69.5840971051933,69.57934755722,69.5052789323889,69.53880012692,69.5318210892125,69.5179783364822,69.35622096541,69.3998926909218,69.2725688491897,68.8074143482312,69.2835786705452,68.8246942818027,68.5029376401954,68.054567303097,64.0662268743736,64.385376642934,58.2081985264703,58.4078098242565,65.03911389879,59.2325221118109,58.6437921744746,45.4065983827508,66.9765379556394,59.9217739324474,66.7305094130264,66.55212048123,47.1259645433959,66.170181074989,61.2612940792436,65.946479496726,43.2493152969425,62.0690106976776,33.4212578996684,60.8958346273261,53.6675068634573
FUE 35,59.0095814727162,59.0088361923221,59.0048431870442,58.9424831064702,58.9707261941684,58.9648488771818,58.9531869534121,58.8164831315505,58.8534683872503,58.7454806754379,58.3469947962653,58.7548374183437,58.3619061688499,58.0829417309954,57.6897740239871,54.0197231796355,54.3221741957439,48.3272758906271,48.5241056210193,54.9378652817267,49.3358922785419,48.7566328202345,35.5820945495677,56.7255057640433,50.0123284189482,56.5020673605734,56.339344712131,37.2999338492225,55.9890316833583,51.3204575839172,55.7827001336892,33.4260424890897,52.1041520528621,23.5997000787192,50.964519805528,43.8251179828259
FUE 36,64.9807476741592,64.9800326070744,64.9762013916144,64.916349599781,64.9434609568938,64.9378197327212,64.9266253633747,64.7953133577272,64.830855906936,64.7270476561019,64.343147044097,64.7360462043864,64.3575355492982,64.0880715435306,63.7073299595632,60.1128512635126,60.4111643494384,54.4625310565996,54.6586363079596,61.0175013941057,55.4670640539303,54.8902644025018,41.7321714922553,62.7692893551072,56.1401822614324,62.5511606246338,62.3921403309375,43.4496064595237,62.0493519844865,57.4402362580747,61.8471821538898,39.5764455540313,58.217800490124,29.7505576716046,57.086740133163,49.9704699945172
FUE 37,63.1266489115973,63.1257646006533,63.1210271902471,63.047146146036,63.0805828425011,63.0736214507645,63.0598136148117,62.8984561354721,62.9420213570103,62.8150050657259,62.3509006869584,62.825988646719,62.3681435836559,62.0470530220982,61.5995324498447,57.6158894305276,57.9348010951748,51.7601738542289,51.9597470139072,58.5879924767693,52.784281761547,52.1956819569421,38.9593420917887,60.5232210994539,53.4733570372305,60.2775284651903,60.0993714774181,40.6786875871133,59.7178978048461,54.8124425746354,59.4944506014701,36.8020756620914,55.6198245068178,26.9740414612992,54.4471152781375,47.2200080567915
FUE 38,64.5765465311181,64.5756189526125,64.5706499075061,64.4931905413035,64.5282387924463,64.5209408083566,64.5064670167076,64.3374894317257,64.3830828940214,64.2502121167732,63.7661739257818,64.2616949138504,63.7841183977505,63.4504269030357,62.9868805423735,58.9156447264118,59.2389563351356,53.0174091549928,53.2176802962533,59.9022509206846,54.0454656733229,53.4544830059897,40.2025374659597,61.8783393688888,54.7377756439165,61.626371431664,61.4438863633934,41.9222599988638,61.0537343982317,56.0848339082176,60.8255541962313,38.0449671689949,56.89836496518,28.2165098145695,55.7170808114606,48.4676300660912
FUE 39,85.654542973822,85.6537626719046,85.6495821381644,85.5843166612641,85.6138702046318,85.6077194497623,85.5955161086549,85.4525777628876,85.4912295762886,85.3784171913453,84.9631724497216,85.3881870341077,84.9786825242058,84.6888638128738,84.2815756742569,80.5274697155429,80.8344438559174,74.7894816939626,74.9870868789022,81.4603930741115,75.8024722888681,75.2205768177934,62.0284942656821,83.2877846641476,76.4824689441922,83.0584154270656,82.8915663671369,63.7467632728771,82.5328896699038,77.7992872918027,82.3219454938988,59.8720956762354,78.5896005762233,50.0452703858895,77.4407186641128,70.2765443158551
FUE 40,92.4958610180599,92.4950552486977,92.4907383514026,92.4233614795713,92.4538670487152,92.4475176045031,92.4349209147091,92.2874591769653,92.327319046465,92.2110115390927,91.7836780645355,92.2210803804493,91.7996186218488,91.5020112043247,91.0846405182554,87.2716592591801,87.5817525739956,81.5025692633422,81.70069946861,88.214796250206,82.5185234677538,81.9348414477512,68.7309145087061,90.0699494186043,83.2009361411174,89.8364107147369,89.6666664372309,70.4494726613253,89.3021358635873,84.5236645925784,89.0879714162286,66.5742827786275,85.3184931406239,56.7471326641763,84.163304447744,76.9823499106811
FUE 41,56.9278403091418,56.9269011502697,56.9218701116742,56.8434535945224,56.8789327902266,56.8715447814962,56.8568929000841,56.6858800092147,56.7320147663171,56.5975824213419,56.1082472251561,56.6091982704186,56.1263776045724,55.7893528204104,55.3215848242867,51.2276185694769,51.5520582583992,45.3185551080702,45.5190029219746,52.2179485969373,46.3476115651675,45.7560253298777,32.5001371856158,54.2046127391611,47.0407415332765,53.951012419176,53.7674032258743,34.2199547639498,53.3750015088748,48.3898241621852,53.1455967121729,30.3424902958602,49.204919737521,20.513926292497,48.0214546342772,40.7663463247511
FUE 42,59.4761654610858,59.4751327527997,59.4696009521031,59.3834611227647,59.4224157272909,59.4143014447145,59.398213226041,59.2108229127569,59.2613065138502,59.1143415895612,58.5827951270904,59.1270236822621,58.6023991893124,58.2390366334224,57.7381679749641,53.4707176549628,53.8035846176083,47.481695095369,47.6834342279463,54.4889371081431,48.5180659708509,47.922063041634,34.6374492959018,56.555931448372,49.2172045777161,56.2898217392683,56.097621699417,36.3579568340601,55.6880843265266,50.581161573466,55.4493842295607,32.4792464896239,51.4077924896745,22.6499085546821,50.2082565801336,42.9117715687584
FUE 43,60.8050083318661,60.8040662704843,60.7990196939695,60.7203633136919,60.7559504964154,60.7485399280088,60.7338434200113,60.5623206749426,60.6085909999091,60.4737676160605,59.9831072828373,60.4854167764079,60.0012841359984,59.6634264626416,59.1946047522529,55.0949869479803,55.4197062454926,49.1832442643771,49.3837357268255,56.0862403177523,50.2125477944209,49.6208124161986,36.3639506815999,58.0755321492749,50.9058804270889,57.8215257177962,57.6376369704435,38.0837917175791,57.2446760431489,52.2554635874679,57.0149670066478,34.2062848888603,53.0709461950415,24.3776945653942,51.8869416139129,44.6304354280593
FUE 44,92.5145791566235,92.5137644158341,92.5093994829039,92.4412791080534,92.4721198614305,92.465700455515,92.4529652741055,92.3039121424714,92.3441968040915,92.2266607343455,91.7950882624638,92.2368346237465,91.8111794980873,91.5108489795722,91.0899629865529,87.2566726663236,87.5678326841704,81.4770023401667,81.6753103068876,88.2033063736244,82.4939603411084,81.9096730939551,68.7017420617079,90.0680199517164,83.1771920165476,89.8330401356266,89.6622962651055,70.4203977884616,89.2957473379949,84.5019264984742,89.0804741344359,66.5450316630282,85.2982901011437,56.7177719526544,84.1409578836529,76.9543204190727
FUE 45,74.7356704864663,74.7349242699533,74.7309262519495,74.6684884818128,74.6967666170265,74.6908819879231,74.6792055845639,74.5423349008151,74.5793647833885,74.4712478313532,74.072311939449,74.4806156455813,74.0872394176348,73.8079826546527,73.4144335934834,69.7420875192385,70.0446631479254,64.0483785211723,64.2452298434131,70.6606363793325,65.057116655983,64.4777838440517,51.3027562558038,72.4493640965267,65.7336518078966,72.2257640921969,72.0629288823255,53.0206075631571,71.7123873876591,67.0420222723418,71.50592965411,49.1466945111185,67.8259002317664,39.3203386047801,66.6860114845396,59.5459200800365
FUE 46,57.4865158650339,57.4855369392124,57.4802930231265,57.3985914843403,57.4355493204923,57.4278523689416,57.4125894100766,57.2346006724091,57.2825892613815,57.1428116211446,56.6354077051654,57.1548825802129,56.6541705935574,56.3058230848997,55.8237694254733,51.6539163387877,51.9820817924103,45.709301491256,45.9103263397317,52.6565610930461,46.7416251925552,46.1480664485712,32.8793222689385,54.6784488875265,47.4374368543719,54.4193874206882,54.2320226403983,34.5994491868907,53.832117384547,48.7931491718464,53.5986353018794,30.7214261174054,49.6133775270915,20.8925150693947,48.4227594648275,41.149167171269
FUE 47,86.8707978831519,86.8699845835009,86.8656273668029,86.7976264158593,86.8284133329639,86.8220051643725,86.8092922271872,86.6604946590773,86.7007111106,86.5833722993388,86.1524800830766,86.5935293240135,86.1685471480624,85.8686533395387,85.4483307645266,81.6182880030915,81.929277765079,75.8403044954911,76.0385841502851,82.5643634702736,76.8571026097656,76.2729117680911,63.0656182557298,84.4275488287831,77.540203809941,84.1927995536313,84.0222155545739,64.7842584528923,83.6559893417547,78.8646186236548,83.4408933634768,60.9089203774827,79.6607375259707,51.0816781094345,78.5037469838429,71.3180146855127
FUE 48,55.0421620498933,55.041582339673,55.0384760370435,54.9898818148514,55.0119093799406,55.0073280963959,54.9982337503715,54.8912292191137,54.9202514311398,54.8353652649509,54.5182967806162,54.8427381747354,54.5302676528428,54.304988931684,53.9828754154372,50.7670728085351,51.0435969100549,45.3462861558733,45.5383203921796,51.6011532276659,46.3279321676548,45.7649024535322,32.7002146069739,53.1718134792273,46.982557842313,52.9799445865406,52.8393484409175,34.4153245380771,52.5342969717591,48.2379893851492,52.353168543892,30.5463650375955,48.982036805858,20.7230939040776,47.8979285345701,40.9114341324549
FUE 49,92.4594462156743,92.4585499907863,92.4546009220458,92.3947788928122,92.4023985913495,92.4001120565827,92.381826665236,92.0896565770229,92.2489098760482,91.9459660717433,91.4604188762319,92.1584543738707,90.9301343795633,91.871162597879,91.5064650683714,83.5322843317191,83.1974818699344,89.0617350426365,89.1041813231188,90.357586473916,75.0228566787689,88.8772737142935,82.9158301301895,89.6835069080461,65.4028218544622,88.4613063980122,89.5901182687008,78.1407722397097,86.9537777356749,61.3883321729589,86.1947416534252,79.2497531800532,88.8349167762555,81.3687040649975,62.7997901648373,71.1516781484744
FUE 50,77.991297588171,77.9904347687285,77.9866328166073,77.9290236835747,77.9363631481058,77.9341607562743,77.9165467220531,77.6347422623912,77.7884290263001,77.4959079286177,77.0256663116132,77.7011594517207,76.5103060037778,77.4235717138587,77.0703311361225,69.2076480358739,68.8744352697613,74.6823417408856,74.7240459009194,75.95199957482,60.7166622233058,74.501023959126,68.5940295512167,75.2924975850589,51.0993295349884,74.0916814627867,75.2009594449586,63.8313945551026,72.6035401373904,47.0850396168321,71.8520186672201,64.9385686742824,74.4593705138782,67.0524812339248,48.4964471465762,56.8472728041931
FUE 51,69.475835458108,69.4750322885372,69.4714930479422,69.4178385579824,69.4246769086658,69.4226249715795,69.4062116723516,69.1430122745349,69.286692348001,69.0129370303425,68.5704829247084,69.2051455690071,68.0824853611765,68.9450615556059,68.6126285105426,60.9608669234346,60.6307770462874,66.3300189785728,66.370319212797,67.5505403317303,52.5063190856516,66.1546557865713,60.3528214537612,66.9182791373244,42.8943642151955,65.7579031699512,66.8302178088581,55.6147289369465,64.3069284792479,38.8804722654478,63.5699439404118,56.7183205245116,66.1143366257452,58.8222666156622,40.2917792593904,48.6404892539843
FUE 52,55.8528681362805,55.8515862869611,55.845939381945,55.7606655225162,55.7714994062825,55.768247510007,55.7422680665797,55.3331479995176,55.5547791212896,55.1358261542432,54.4858269653374,55.42850320982,53.8014976942727,55.0340487023528,54.5464389347991,45.5418990569562,45.1942073892414,51.5436494863965,51.5929065012462,53.0873462619167,36.8855277393366,51.3304692488307,44.9024829058771,52.2734075861726,27.2444252688513,50.8546603507476,52.1626157868426,40.0284106569457,49.177100375313,23.228382667955,48.3541060906049,41.1516355425624,51.2817140752339,43.3105859163872,24.6402328829848,33.0003872193468
FUE 53,55.9267296612048,55.9259348586818,55.9224324700169,55.869333025935,55.8761010119104,55.8740702001969,55.8578255262577,55.5972457386992,55.7395152696847,55.4684082228996,55.0298996275947,55.6587747216385,54.5458155486134,55.4011641817725,55.0716863205255,47.4508138022602,47.1211943268517,52.8042945084213,52.8443892127087,54.017667549939,39.0017789356869,52.629803895184,46.843608070147,53.3893578649223,29.3906422355336,52.2349007082045,53.3018029233842,42.1092283891115,50.7894217514889,25.3768108782929,50.0546014868606,43.2122764970711,52.5896804470701,45.3147133614042,26.7881025645969,35.1364905218131
FUE 54,57.8938449193446,57.8931563563057,57.8901219235286,57.844077190637,57.8499501467786,57.8481880261295,57.8340887198839,57.6069850537655,57.7311946306731,57.4940618188825,57.1067066991526,57.6607667869905,56.674009890598,57.4349608045261,57.1438134302195,49.9469792537373,49.6241729811371,55.0797811414058,55.1170600103303,56.196353078613,41.5785197376695,54.9172670359957,49.3519441280183,55.621267379364,31.9794783290294,54.547865771133,55.5405840271105,44.6718170397497,53.1791291968038,27.9665441634961,52.4749340635245,45.7668783530935,54.8798346983413,47.8472180533652,29.3776091713038,37.7212312618837
FUE 55,55.0244451865631,55.0235179347202,55.0194322296411,54.9575560228425,54.9654357441809,54.9630711316879,54.9441628805733,54.6423994559402,54.8067990735726,54.4942297211137,53.9946277377141,54.7133965952987,53.4507297227662,54.4171541844833,54.0419385149688,45.9681067656215,45.6319181181136,51.5458912934545,51.5890005684889,52.8652740738384,37.4426563525095,51.3586239646992,45.3491805342739,52.1780653214532,27.8202844943238,50.9367557498093,52.0830160230493,40.5633285192125,49.4120555938343,23.8056221483302,48.6464025000279,41.6738758050955,51.3156395992971,43.7972008826214,25.2171237555145,33.5699301454788
FUE 56,64.6789652880239,64.6779038181539,64.6732271052029,64.6024776588315,64.611479342968,64.6087777982645,64.587182845643,64.244295365327,64.4306961406158,64.077087729556,63.5184105931047,64.3246781462936,62.9182266584737,63.9903946092373,63.5709961245869,55.1042516382236,54.7629009815839,60.86705367925,60.9127711094467,62.2802282855165,46.519604453826,60.6687695269412,54.4761252591439,61.5403767360924,36.8886834353303,60.2238472446425,61.4387253341025,49.6503882420938,58.6329229223227,32.8733903105694,57.8420864567981,50.7666944799935,60.6233265677496,52.9061536768089,34.2850512423889,42.641214256899
FUE 57,57.0606953673717,57.059881183845,57.056293433829,57.0019084338346,57.0088393813364,57.0067596438365,56.9901244495605,56.7234804513618,56.869014689753,56.591779354716,56.1441496608327,56.7864079456189,55.651029239684,56.5230748556606,56.1867655811508,48.4948493839536,48.164153058036,53.884291499361,53.9248589566321,55.1141239655772,40.0332035754692,53.7077941338839,47.8857214177549,54.4767113271176,30.4201970624117,53.3086393693688,54.387990619775,43.1428484607517,51.8505403485907,26.4062272475422,51.1107558524118,44.247139218464,53.6672206586039,46.35302793412,27.8175539125137,36.1666777768699
FUE 58,58.2702807452494,58.2690857606248,58.2638212344536,58.1842656522011,58.1943788360001,58.1913434411712,58.1670882073637,57.7838858970884,57.9917608335015,57.5982686932818,56.9834612973648,57.8734032219412,56.3311565163315,57.5023355034665,57.0409984242115,48.2348084855927,47.88936357875,54.1503422230724,54.1982992465136,55.6456572465671,39.6037272914032,53.9426255603498,47.5993910798436,54.8592933408357,29.9661929352019,53.4781074505751,54.7518830944926,42.7423629724086,51.8319463745916,25.9504127753406,51.0205054126829,43.8631557078338,53.8950836259685,46.0152407245435,27.36219671261,35.7209530453056
FUE 59,84.8293731295021,84.8284438717788,84.8243493333965,84.7623403632203,84.770236886375,84.7678672286442,84.7489187329445,84.4465362334608,84.6112677710654,84.2980779442167,83.7975725972385,84.5176751716694,83.252802542177,84.2208561611089,83.8449645276726,75.7648142274606,75.4285387687894,81.3456441955926,81.3887954959384,82.6665227446728,67.2383621685832,81.1581990780873,75.1457332035211,81.9784783735261,57.6158445410415,80.735957379357,81.8833235722865,70.3592063820315,79.2101734574301,53.6011714286373,78.4441039502695,71.4698514792101,81.1151749754683,73.5934499041299,55.0126757553899,63.3655394179706
FUE 60,75.3914158196771,75.3905277041901,75.386614348456,75.3273293959837,75.33488109232,75.3326149762123,75.314492489918,75.0248352057708,75.1827396471725,74.8823203564727,74.4004720544094,75.0930563048815,73.8737847704054,74.8081138126605,74.4461848176798,66.4986592292412,66.1642330511467,72.0150845404869,72.0573534274022,73.304660781195,57.993590331541,71.8313743774513,65.8828761732644,72.6340771112736,48.3741929742782,71.4169887387365,72.5411316083549,61.1107545407916,69.9140782655859,44.3597504073707,69.1568279920657,62.2193088219199,71.7891854856815,64.3370692502091,45.7711964978073,54.1228339084319
FUE 61,69.0077802705498,69.0069798161989,69.00345253451,68.9499781554972,68.9567936738762,68.9547485916864,68.9383900082667,68.6760404415413,68.8192629621626,68.5463666099277,68.1051915724382,68.737977721271,67.6184619191799,68.4786958881412,68.1472208436908,60.505446415521,60.1755082588559,65.8695375638011,65.9097713420071,67.0877463326106,52.052675998311,65.6944564875872,59.8976717818308,66.4567638281116,42.4409847814278,65.2983016882463,66.368866307198,55.1607763205614,63.8491024448237,38.4271123561428,63.1128166772733,56.2641927281643,65.6542005978985,58.3676522718199,39.8384144175883,48.1870206410994
FUE 62,58.0031205509773,58.002091647917,57.9975583286979,57.9289599827861,57.9376898582727,57.9350699449399,57.9141257501767,57.58116110107,57.7622620808257,57.4185230217769,56.8739287056518,57.6592854944136,56.2870274134458,57.334132570667,56.925262723963,48.5486193544713,48.2084109736332,54.2697761142862,54.3148966131363,55.6613100391208,39.9770082301712,54.0740103461187,47.9225280943377,54.9336490697233,30.3479584397745,53.6343421669567,54.8335185254924,43.1055750845893,52.0583911783584,26.332803265022,51.2732024326243,44.220616892509,54.0291287353065,46.3565267235329,27.7444293543517,36.0998580809738
FUE 63,56.733249100296,56.732062913383,56.7268371170887,56.6478611682916,56.6579012519994,56.6548878153561,56.63080749878,56.2502437264688,56.4567160643701,56.065823804668,55.4546377256551,56.3391652149237,54.8056565941373,55.9704897643405,55.5118571520074,46.7266789932667,46.3814782286709,52.6329490001068,52.6807678954377,54.1231540022345,38.0983540287763,52.4258133594787,46.0916962047724,53.3396947939912,28.4612099764468,51.9624985306558,53.2326421624025,41.2365255825243,50.3197019574459,24.4454585381644,49.5095057699106,42.3570527653577,52.3784005563942,44.5083890822306,25.8572352218059,34.2158385815879
FUE 64,60.4644100234638,60.463589676421,60.4599747803547,60.4051810414315,60.4121637932724,60.4100685023353,60.3933091704814,60.1247393833399,60.2713099425049,59.9921301405389,59.5416130629352,60.1881106834055,59.0456399480783,59.9229627804797,59.584491154504,51.8703504368271,51.5393208962547,57.2709826679433,57.3116980427432,58.5059775181664,43.4048091434904,57.0938576541466,51.2606277409559,57.8657066255472,33.791226309513,56.693374388264,57.7766204453361,46.5151311277037,55.2313419784093,29.7772138316077,54.4900143461679,47.6198053328469,57.0531434769267,49.7267599482954,31.1885512744099,39.5379019170877
FUE 65,76.5123316113452,76.5113428989651,76.5067244512403,76.4648557615698,76.4344034056971,76.4223936410508,76.3907971474211,75.9698356507509,76.1208549930648,75.5523200347169,75.9411198744253,75.9571750244825,73.1414423625425,75.8527985981851,75.2370954027407,73.3137989051367,73.0738331334636,74.6686589345236,74.661224627272,74.4604055741276,71.2931286613354,74.2491603122601,72.9802293921679,70.4044790095693,69.1742577927655,65.5726378897307,70.9823989072977,71.3608751385576,60.1494926035172,64.693860950217,56.8635172144475,71.3939731812929,73.1768939756718,71.8400701934528,64.1646622888739,69.4470396394903
FUE 66,58.5370357845409,58.5358410497171,58.5302609855663,58.4797308321956,58.4430416867083,58.4285867086535,58.3905958171647,57.8895378050275,58.0682356832878,57.4011347185467,57.8556865224346,57.8746080280093,54.7031312189948,57.7518181766031,57.037399042109,54.8906703861543,54.6297429623522,56.3910496997282,56.382671054804,56.1570190559442,52.7269566124494,55.9210035065312,54.5282976279449,51.7945785594634,50.5173431544181,46.8359728476675,52.3998580649992,52.7984387002119,41.3694186760961,45.9460036240478,38.0742312043925,52.8333842888148,54.7416523989919,53.3058922556749,45.4110909289232,50.7993916825392
FUE 67,56.8820751283841,56.8811253925119,56.8766888979856,56.8364612570677,56.8071929713186,56.7956479890034,56.7652684057473,56.359732262005,56.5053827316453,55.9561548574997,56.3320171346405,56.3475136034687,53.6046169025042,56.2467338270384,55.6506270024601,53.7737154846288,53.538251405144,55.098039389477,55.0907992849953,54.8951054427841,51.7842972834806,54.6890078231339,53.4463385097672,50.9054549077663,49.6859137956568,46.1027388521031,51.4772245253632,51.8512115381366,40.6898102608983,45.2265840676453,37.4060193066639,51.8838983063725,53.6394087169955,52.3241394003232,44.6987273240062,49.9565793073037
FUE 68,54.3863287771511,54.3856382463063,54.3824120285795,54.3531175225722,54.3317575530861,54.3233213477159,54.3010934158528,54.0004379734392,54.1092536910556,53.6941907813988,53.9796278366047,53.9912675690017,51.7872524946366,53.9153853885291,53.4578749075703,51.9305582154139,51.7307791381766,53.0211854225406,53.0153874857243,52.8579515919675,50.1959533310265,52.6906677106669,51.6523553538207,49.4006554274127,48.2741818483455,44.857156602113,49.919823536337,50.2558602036209,39.5393866779251,44.005205243002,36.2762445622731,50.2850886718311,51.8168068167196,50.6764204153775,43.4897929391849,48.5262279639323
FUE 69,57.6124033709424,57.611666045616,57.6082213054005,57.5769504957295,57.5541584550842,57.5451587143729,57.5214515442575,57.2015601311412,57.317174891708,56.8771199580854,57.1794702153811,57.1918249641259,54.8827608945395,57.1113177964981,56.6276641377088,55.0313364398855,54.8242598283747,56.1685886823329,56.1625091430277,55.9975753467233,53.2435655614216,55.8226302221426,54.7430650982747,52.4302939677718,51.2834764996573,47.8292774026167,52.9608103490725,53.3049676875542,42.4897160062078,46.9718182990692,39.2217965308711,53.3349333976755,54.9133873216606,53.7366423071658,46.4535648930409,51.5396199726687
FUE 70,68.6991887216709,68.6983173788968,68.6942468732267,68.6573221993585,68.6304394490107,68.6198313955669,68.5919063474813,68.2176644590397,68.3523845738713,67.8426562511878,68.1919910699431,68.2063474213514,65.6159600658789,68.1129152515503,67.5571699306226,65.778065570927,65.5522685456172,67.0376370042416,67.0308042487339,66.8458812010999,63.8564171409363,66.6506413210259,65.4639947787006,62.9991636407939,61.8033114517954,58.2614940966679,63.5573763337175,63.9215065807525,52.8717206528781,57.3912652172609,49.5929036681956,63.9532919592377,65.649334316492,64.3807281282736,56.8664456399693,62.0692679293612
FUE 71,64.1298132139121,64.1289835795797,64.1251078107137,64.0899417306524,64.064330382876,64.0542219709437,64.0276066511119,63.6701632460087,63.7989948860591,63.3106543146058,63.6455923267123,63.6593329547605,61.1535741792402,63.569873251008,63.0361352491733,61.3116969475054,61.0914082204572,62.5348629918646,62.528256621017,62.3493314607902,59.4290735408761,62.1601613865551,61.0052130265466,58.5844553382666,57.402582772312,53.8854651552708,59.1347219588719,59.4930995275963,48.5096857894639,53.0188062778451,45.2338905427182,59.5243598612173,61.1861402772008,59.9443559543324,52.4958194395571,57.6657506244476
FUE 72,61.6278633238757,61.6267007744722,61.621270919774,61.572092467576,61.5363752224169,61.5223009689309,61.4853048427157,60.9966029914858,61.1710527939091,60.5189756053654,60.9635373834742,60.9820204659952,57.8631190831878,60.8620427715047,60.1625285847306,58.0484887208042,57.7905549170201,59.5277414530228,59.5195018659376,59.2974973850676,55.9049592451519,59.0651024602237,57.6902262927736,54.9786382966334,53.7078567451423,50.0372970921937,55.5801341999369,55.9759214499077,44.5765554704006,49.1488313584095,41.282595056757,56.0106097741956,57.9012021598847,56.4794297934865,48.614684952406,53.9886379589266
FUE 73,90.6660082165883,90.6650395727208,90.6605148092484,90.6194909784386,90.5896481195542,90.5778775783545,90.5469073695924,90.133877172741,90.2821375385183,89.7235164376142,90.1056754303686,90.1214435926551,87.3429744514324,90.0189144075113,89.4132628454266,87.5136707139618,87.2759988758836,88.8529396256817,88.8456046438926,88.6474061076194,85.508901563051,88.4387913104438,87.1832564400513,84.6252302833088,83.4004242076011,79.8081410060358,85.2000288214424,85.5762253324473,74.3901589078363,78.9306897921886,71.1052866820392,85.6091144632838,87.3780898757572,86.0522358343169,78.4021694329615,83.6721335289865
FUE 74,62.7312324977258,62.7302013517009,62.725384822423,62.6817304040453,62.6499904614231,62.6374754813505,62.6045567482154,62.1669015096804,62.3237171943584,61.7344072031901,62.1371070587576,62.1537643895524,59.2608586885724,62.0455140895684,61.4088205272653,59.4366106894814,59.1919546087708,60.823550387942,60.8159105946711,60.6096753807554,57.3835823393454,60.3930034618663,59.0965917388366,56.4848754335896,55.243754021294,51.6234358965952,57.0690969959872,57.4521843719467,46.1900021445919,50.7420137452949,42.901833268194,57.4857053427611,59.2969975262878,57.9378330278782,50.2114626069946,55.5186915157724
FUE 75,62.9706728330579,62.9695412007452,62.9642556421426,62.9163761184994,62.8815933192152,62.867885230019,62.8318461229662,62.3550675352811,62.525410570648,61.8878929454634,62.3227623333065,62.3408210597747,59.2734164957673,62.2235667575995,61.5385452201218,59.4566365677124,59.2016693973259,60.9150683252815,60.9069651285599,60.6885412891388,57.3331885915674,60.4597065063928,59.102448459693,56.4129303535236,55.1486272873505,51.4889629105993,57.0106371696775,57.403631219915,46.0341019062171,50.6020167556374,42.7413849460397,57.4380624775984,59.3110653282794,57.9032007269498,50.0686452459723,55.4281348271212
FUE 76,59.6158686991328,59.6150733943131,59.6113579179712,59.5776399722675,59.5530762418607,59.5433796804721,59.5178443696746,59.1743059651359,59.2982522047948,58.8277142325913,59.150651063092,59.1638800480207,56.7297117234644,59.0777236527039,58.56238660787,56.8844071441756,56.668860138057,58.076513378513,58.0700986658681,57.8962580701203,55.0356208015068,57.7122467615496,56.5844571581187,54.2020806513789,53.0325355690766,49.5373823835332,54.7453734619927,55.0987171565191,44.1741526852044,48.6739177448769,40.9010773761917,55.1295186724486,56.761581891934,55.5430243067145,48.1525726734204,53.2932383935886
FUE 77,59.3978297721489,59.3967389812405,59.3916440463657,59.3454811466629,59.3119340197493,59.2987102994029,59.2639376029862,58.8029914575437,58.9678698455129,58.3497803544826,58.7716994082362,58.7891926785638,55.7913627448135,58.67556954958,58.0099612244717,55.9716395999666,55.7207352932397,57.4017404812048,57.3938218291288,57.1802477039569,53.875822733288,56.9562442182295,55.6230330419037,52.9639664083993,51.7086724637367,48.0642320416087,53.5564188983226,53.9455466152605,42.617626187592,47.1794164823439,39.326658220295,53.9796223404006,55.8284167255884,54.4396740635122,46.6471321416168,51.9864062662042
FUE 78,84.6182731157463,84.6173491611456,84.6130330258636,84.5738912921298,84.5454069474083,84.5341697820997,84.5045963962188,84.1093121212649,84.2513874959199,83.7150505460088,84.0822641336263,84.0973880941468,81.4037382003693,83.9990078317807,83.4160331991135,81.5706042134968,81.3382257346673,82.8741391618093,82.8670304961746,82.6748090259183,79.6027189208653,82.4722059045897,81.2474731916011,78.7306880399356,77.518594365248,73.948354961894,79.2981830269363,79.669056366454,68.54263175761,73.0740467123799,65.2603851453181,79.7014581515883,81.4380776494323,80.1376464742272,72.54713568936,77.7877816456491
FUE 79,66.1902408258592,66.1891278292515,66.183929249932,66.1368329073531,66.1026137588009,66.0891265901824,66.0536650295541,65.5840990945443,65.751954264207,65.1232738544072,65.5522549586947,65.5700563642699,62.5341759662972,65.4544541743473,64.7782524960346,62.7160680644427,62.4629339207056,64.1616917202538,64.1536721024393,63.9374439663359,60.6050677490734,63.7107952144156,62.3643979213145,59.6885858992191,58.428327673584,54.7754879152812,60.2839315368488,60.6751871374137,49.324322024453,53.889495814354,46.0323874383664,60.7094584914547,62.5715564426643,61.1723082456959,53.3566110257176,58.7070392210421
FUE 80,69.1601184633535,69.1590516363145,69.1540685554604,69.1089132858871,69.0760918697916,69.0631527088745,69.0291242478253,68.5775115619628,68.7391623445757,68.132577190779,68.5468186251578,68.5639774941253,65.6078191737309,68.4525029874421,67.7984304482167,65.7863114546828,65.5378711131176,67.1993331974104,67.1915252207524,66.980862273125,63.7073251194279,66.7597640885384,65.4410908359524,62.8006208206381,61.5508691447507,57.9158366048057,63.3898494914624,63.7766090143871,52.4743545230496,57.0323419441004,49.1844741417519,63.8104671404964,65.6445123186454,64.2674088633941,56.5007320166454,61.8275103033259
FUE 81,62.7388893642856,62.737956049935,62.7322401934481,62.7004950348873,62.6694950258761,62.6354160594636,62.6022431377002,62.3871502035007,62.1622018542618,62.040454556171,62.430218827117,61.6500020722633,60.8301318498477,61.4526504788854,59.6463753272825,61.3387926043978,61.2854899709823,60.8615141937476,60.8234370201603,59.0172896832876,60.3516332966174,60.1001907119414,60.4054083035026,41.1036437259775,59.6214895562957,34.4630212175538,45.0130205858396,59.6162239306551,43.2982046064583,58.0957073901711,46.27053798593,59.4362288882281,57.411553018982,59.4355439732043,57.7247573029757,58.9395167946528
FUE 82,63.8050740175183,63.8043133915114,63.7996544631336,63.7737587514952,63.7484373025374,63.720562784929,63.6933912020906,63.5163101980955,63.3294847038481,63.2276945244819,63.5518912929718,62.8981633864525,62.1919641201898,62.7298818017322,61.1425082050276,62.6322887559075,62.5864756646218,62.2193284020142,62.1861231956872,60.572524727136,61.7716819251589,61.5486368571022,61.8191923423176,43.0517206909243,61.1201104223136,36.416393513874,46.9512441414031,61.115369591706,45.2418413743065,59.724556914084,48.2031958671938,60.9529729890991,59.0864192531653,60.9523537897152,59.3793943793202,60.5015329765092
FUE 83,79.8325430666147,79.8316747185884,79.8263564492767,79.7968105998445,79.7679438809597,79.7361937771553,79.7052715029981,79.5043888547068,79.2936141251439,79.1792554999928,79.5446645171706,78.8112256942846,78.0326632749573,78.6245036250428,76.8968279624664,78.5165733491443,78.465995482207,78.062597184544,78.0262761513014,76.2885300136259,77.5750545663221,77.3337368275155,77.626590259456,58.5084417256819,76.8728209784361,51.8695653271052,62.4145656722257,76.8677406750396,60.7015373725611,75.3925838928951,63.6702434866183,76.6939518313156,74.724311224235,76.6932900608157,75.0305474118077,76.2131305008182
FUE 84,62.8498554890981,62.8490971269497,62.8444520563625,62.8186331008821,62.7933862659743,62.7655933854652,62.7385008797456,62.5619233227385,62.375607249242,62.2740855616209,62.5974048960009,61.945381802567,61.2407581258928,61.7774991860531,60.1932184495873,61.6801305490751,61.6344210792403,61.2680659976709,61.2349291962857,59.6240974937132,60.8212992037032,60.598659801806,60.8687204911566,42.109339510033,60.1708567363419,35.4740976847812,46.0087044213726,60.1661235165981,44.2993887064012,58.7772207827868,47.260566758109,60.0039826771741,58.1397747700677,60.0033644348264,58.4324449280208,59.553205469074
FUE 85,67.5343049114484,67.533507357205,67.5286223867311,67.5014748889486,67.4749369555921,67.4457318661395,67.4172718480015,67.2319974800661,67.0368980695367,66.9307538224374,67.2691969419829,66.5878343467497,65.8562600532186,66.4131124361153,64.7761536841947,66.3119013327454,66.2644186723819,65.8845301115755,65.8502265524597,64.1924487362824,65.4227813469147,65.1932493575095,65.4717183987589,46.5767336269168,64.7531811646422,39.9400822671432,50.4787178595852,64.7483190716078,48.7679637198973,63.327188837178,51.7320577017183,64.5818495343709,62.6781275336006,64.5812151021593,62.9759156171438,64.119873458146
FUE 86,69.589629227944,69.5887449393217,69.5833291112932,69.5532434803919,69.5238529861406,69.4915308674476,69.4600555696596,69.2556762103538,69.0414051924255,68.9252205504261,69.2966398152118,68.5516349306742,67.7627808012152,68.3622715692667,66.6149137323399,68.2528662547991,68.201609842647,67.7930768280468,67.7563167375447,66.0013655663817,67.2999394246219,67.0560787345217,67.3520369433394,48.1870950002836,66.5906851787339,41.5477665155442,52.0940608010532,66.5855581455437,50.3805699075831,65.0989187780698,53.3502144935089,66.4102035209781,64.4266045380566,66.4095359081439,64.7346153216107,65.9253654297323
FUE 87,83.0022138506068,83.001281158636,82.9955691108481,82.9638450144017,82.9328654251705,82.8988087392116,82.8656573383705,82.650700029621,82.4258865187471,82.3042093389177,82.6937420314217,81.9139689235038,81.0944865525141,81.7167174833922,79.9111754213701,81.6029153544212,81.5496383205284,81.1258553583609,81.0877945982807,79.2822814742497,80.6161827533494,80.3648342282741,80.6699369277042,61.3698456887911,79.8862977726669,54.7292387589796,65.2791935099363,79.8810338596794,63.5643934918177,78.3609343404778,66.5366944785233,79.701096129959,77.6769249628912,79.7004114285174,77.9900656956299,79.2045304142922
FUE 88,61.7612645389732,61.760194947712,61.7536452282006,61.7172917069174,61.681828562146,61.6428850247338,61.6050185545874,61.3604634214754,61.1064215598764,60.9696221691446,61.4092993410658,60.5339619188628,59.6326149532777,60.3154233873247,58.3571503691061,60.1898176520881,60.1311308314987,59.6668155451322,59.6253217701765,57.6891847426833,59.113776053538,58.8429844692554,59.1718482628091,39.5378510107475,58.3306101198124,32.8942523971614,43.4527808440149,58.324995714103,41.7349117642457,56.7203802590918,44.7134435484826,58.133345198676,56.0073649192805,58.1326169069872,56.3331953556634,57.6070066609972
FUE 89,57.1297368574545,57.1290550674819,57.1248787495833,57.1016570864509,57.0789365925527,57.0539095793769,57.0294979389326,56.8700282616881,56.7010939658884,56.6087622926516,56.9021224360479,56.3085048245886,55.6585877789965,56.1544080397926,54.6785522008691,56.0648133921839,56.0226984225272,55.6839247310554,55.6531780596244,54.1401713465404,55.2679985045421,55.0596574857025,55.31228474256,36.84740819263,54.6574715240553,30.215385197888,40.740800686642,54.6530086599555,39.0347633175784,53.3325044801315,41.9892993113025,54.499963201519,52.7201032757097,54.4993790298358,53.0017121376762,54.0728480043027
FUE 90,54.2502744763133,54.2496094057481,54.2455354470504,54.2228811857673,54.2007129906051,54.1762910896229,54.1524664132099,53.9967528566776,53.8316533508213,53.741356776229,54.0281018770844,53.447432108468,52.8098376676686,53.2964226686958,51.8452722307919,53.208574308367,53.1672680739919,52.8347273604948,52.8045231114623,51.3140348434663,52.4258283949843,52.2207662312521,52.4693974862388,34.0747599675944,51.8244880023474,27.4435378104952,37.9666684997545,51.820087715796,36.2614453832905,50.5155706546249,39.2143324662525,51.6691503072895,49.9091015089231,51.6685740424435,50.1880851986327,51.2475448466971
FUE 91,55.4684278150025,55.4675656323991,55.4622850970373,55.4329480465765,55.4042839695703,55.3727552096137,55.3420469689955,55.1425185081779,54.9330993157885,54.8194492533271,55.1825276284679,54.4535778562236,53.6790238667444,54.2678832626255,52.5478914737404,54.1605271618393,54.1102135171466,53.7088165142171,53.6726667595347,51.9416513943519,53.2234582535284,52.9831346469204,53.2747744177715,34.1750462500174,52.5239712659191,27.5363491700102,38.080836347167,52.5189092647135,36.3679914845388,51.0482580725254,39.3363254852521,52.3457338331824,50.3815752061539,52.3450743520588,50.6871130804912,51.8664875222525
FUE 92,56.8598203295811,56.8586801999789,56.8516989374766,56.8129627500252,56.7751956781427,56.7337450719329,56.6934637026347,56.4338396720025,56.1650680816487,56.0207060559757,56.4856132186647,55.5625668802561,54.6215775771998,55.333613208818,53.3027891508359,55.2022649755983,55.1409540138294,54.657131028069,54.6139973303969,52.6168577269481,54.0835154002794,53.8035964935215,54.1436228271932,34.3606185964023,53.2754795913652,27.7157579981787,38.277906402831,53.2697030623977,36.5587403457619,51.6265458215088,39.5399066129164,53.0726456884339,50.9005520081383,53.0718973143793,51.2320449115234,52.5326588576495
FUE 93,70.7246067034585,70.7236471281665,70.7177705694552,70.6851368371172,70.6532755309457,70.6182569844347,70.5841767100051,70.3633700750174,70.1327488022949,70.008054482299,70.4075596297164,69.608701346492,68.7726009065443,69.4071527398061,67.5702826109976,69.2909605967261,69.2365864479568,68.804548725509,68.7657859808476,66.9332329025876,68.2859759437057,68.0306141481393,68.3406194762929,48.969652591382,67.5450590953945,42.3283910936527,52.8802207919819,67.5397222568445,51.1647499453173,66.0019012758929,54.1384124583285,67.3573448146938,65.3117468513915,67.356651023898,65.6275799368809,66.8545540872996
FUE 94,55.6665365522845,55.6653784509272,55.6582872478968,55.6189442956028,55.5805909074287,55.5385027314225,55.4976076682049,55.2341638550646,54.9616744727265,54.8154097585745,55.2866807515403,54.3516395023688,53.4008078976796,54.1200891125863,52.0713904620771,53.9873124742952,53.9253495609266,53.436695388688,53.3931567874492,51.3810898924855,52.8580132085707,52.5758563980881,52.9186204441763,33.099781471072,52.0438933512888,26.4546238351031,37.0176245677492,52.0380773033129,35.2981530332691,50.3855769931925,38.2799399189705,51.8397030090911,49.6564601161361,51.838949747479,49.9893141786156,51.296400987032
FUE 95,55.9382416410881,55.9375524634768,55.9333309180281,55.9098585754987,55.886894120139,55.8615998680782,55.8369290548992,55.6758020651954,55.5051778751437,55.4119502584142,55.708224859464,55.1089086663309,54.4535908794069,54.9534566922665,53.4668061669307,54.8630961258468,54.8206265962556,54.4791234707349,54.4481395376832,52.9253204719795,54.0601267371913,53.8503554884126,54.1047259999301,35.6095400703967,53.4455964958412,28.9771755253941,39.5035656987269,53.4411064038409,37.797180889484,52.1136645278488,40.7524205670616,53.2871440479459,51.4986983713425,53.2865564383816,51.7814417077889,52.8576354008993
FUE 96,55.3155186290222,55.3148143418875,55.3105002967709,55.2865153163562,55.2630520477488,55.2372114863956,55.2120109510758,55.0474988603325,54.8734270631242,54.7783732566953,55.0805925564287,54.4696641175463,53.803383590631,54.3114574172125,52.8029569413064,54.2195411013389,54.1763516641215,53.8293125816282,53.7978479216517,52.2552169296607,53.4041006834359,53.1914389670244,53.4493329469244,34.8934875150286,52.7814871587336,28.2604466072065,38.7887673416967,52.776942165806,37.0816942083371,51.4355452231096,40.0383281455021,52.6211316313335,50.8154366647364,52.6205370942898,51.1004533523452,52.1868040766145
