FUE 1,77.9876274125296,77.9868799148764,77.9844804314072,77.9444147797079,77.8522669178494,77.5347079248486,77.7551299772288,77.5504703325678,77.2529199969366,76.2357063684301,77.5255759544534,77.4375474397884,76.1887851684451,75.0229594126309,74.6329294694477,77.1027145458721,72.2790455435677,72.0752969909427,76.9076478245976,72.1933152336468,76.1052625782171,76.032926778535,75.9170134959047,57.648346753605,75.9326508202491,75.7300377909428,71.3191805021035,75.6841126259347,59.6609412553231,69.0494677376678,74.1938795230598,69.5462731286629,62.7280774941657,73.2054839744521,72.9954103677712,69.9486004750258
FUE 2,58.4304942462285,58.4296462310189,58.4269242166307,58.3815028168656,58.2772474169104,57.9201141638961,58.1676577727685,57.9377651796076,57.6058235316207,56.4888959485842,57.9098915321524,57.8114799818475,56.4379629491334,55.1860859301665,54.772353692212,57.4392278630997,52.314467285758,52.1041770184524,57.2237909416642,52.2259458002624,56.3474144173597,56.2691108816869,56.1438560387478,37.5479892278049,56.1607379276804,55.9423674153517,51.3263690591596,55.8929793089816,39.5633945280825,49.0105910663544,54.3091824759545,49.5154939828648,42.6383188757228,53.2750043703423,53.0565242628634,49.9251056629513
FUE 3,69.1534514454864,69.1526834855783,69.1502183422769,69.1090618163845,69.0144439053545,68.688773082026,68.9147607758898,68.7049239481803,68.4002787762195,67.3622410149275,68.6794167177681,68.5892497435688,67.3144740612835,66.1303582488433,65.7352401464372,68.2466763529416,63.3587709686857,63.1535876232323,68.0473736011488,63.2724286772045,67.2294688003813,67.1558721540668,67.0379824673988,48.6979438500541,67.0538832991801,66.8479295943251,62.3927014634414,66.8012689853546,50.7111694951859,60.1127977655584,65.2909896745761,60.6114006606933,53.7800528404387,64.2926609758992,64.0807545420543,61.0153427705315
FUE 4,61.2530703914966,61.252285852998,61.2497675128258,61.2077273856876,61.1111102340515,60.7788881976231,61.009368388934,60.7953522836688,60.4849944055871,59.4302860360947,60.7693509242692,60.6774607443842,59.3818450550835,58.1832103872793,57.7840726918905,60.3286627230353,55.3898626484082,55.1835578146179,60.1259619673702,55.3030419282606,59.2956587417771,59.2210583113554,59.1015962244024,40.7056238936942,59.1177066249083,58.909097753567,54.4189482391521,58.8618531063664,42.7193370261946,52.1311133880289,57.33572255647,52.6311127988993,45.7895704699723,56.3295877231275,56.1162444107025,53.0363103259
FUE 5,62.7348374023518,62.7340604613471,62.7315664996734,62.6899312762971,62.5942300972144,62.2650079652455,62.4934312349876,62.2813286787687,61.9735848396611,60.9264940009682,62.2555534982331,62.1644519762927,60.878360678601,59.6863468175064,59.289039986276,61.8185013622439,56.9028996185286,56.6971043052121,61.6173540618836,56.8162962693877,60.792713392072,60.7185710213666,60.5998263567011,42.229282469055,60.6158411476803,60.4084434319853,55.9341858566466,60.3614651401117,44.2427747526903,53.6499505940666,58.8425562355366,54.1493164505876,47.3123964837359,57.8399725160863,57.6272824795914,54.5539443401281
FUE 6,73.6886912817257,73.6879917955076,73.685746377531,73.6482415150934,73.561899975701,73.2634875484332,73.4707599396124,73.2783303234883,72.9976200360448,72.0303756227813,73.2548869320927,73.1719268324827,71.98550117732,70.8642743489173,70.4867670634221,72.8555104731843,68.1890885855891,67.9889452942234,72.6705694339891,68.1048955145056,71.9055699963164,71.8362915953442,71.7251769751708,53.634985076931,71.7401740770176,71.5456874902743,67.2448438973252,71.5015542325394,55.6459555891788,65.0009592300029,70.0605689832931,65.4931934087815,58.7086007579403,69.0968701799753,68.8913751107915,65.8914199777735
FUE 7,70.6448067230953,70.6440458059676,70.6416032615819,70.6008221618895,70.5070540939154,70.1841719903473,70.4082466722309,70.2001893885145,69.8979806514295,68.8670790135926,70.1748927205926,70.0854603210164,68.8196014121085,67.6417339917427,67.2483510668947,69.745543855962,64.8795678109587,64.6748718452243,69.5476938052452,64.7934334143401,68.735103318159,68.6619378713499,68.5447239333688,50.2289525702305,68.5605346814969,68.3557227664126,63.9156051140522,68.3093134428531,52.2419647718693,61.6391575708727,66.8058727079385,62.1371512494506,55.3102571641554,65.8109249081653,65.59964174763,62.5405459357133
FUE 8,67.7436877212636,67.7430663098932,67.7410714442024,67.7077345412665,67.6308673913024,67.3639350413,67.5495478216371,67.377257376598,67.1245250836004,66.2420324277845,67.3562133085261,67.2816509657564,66.2006860037808,65.1574773062322,64.8022771448037,66.9959693342212,62.6069725666729,62.4135250153754,66.8280758606296,62.5256325344088,66.1269563509612,66.0629684041051,65.960177831974,48.1986336623761,65.9740629105541,65.7937247918515,61.6918534455211,65.7527211023289,50.2064351445259,59.49679407022,64.3991598918538,59.9803255414301,53.2603346761598,63.4803563113676,63.2832639090101,60.3707676009872
FUE 9,71.069694877426,71.0690528627027,71.0669918763456,71.0325546383266,70.953183371107,70.6779018169625,70.869263970575,70.6916284286338,70.4314402932506,69.5261464124076,70.6699463466038,70.593148883268,69.483843762684,68.4193441128417,68.0580051591071,70.2992599139054,65.8342336135815,65.6389072754891,70.1267957169344,65.7520932895462,69.4084318909833,69.3430074780016,69.2379541754429,51.3845206271129,69.252141718684,69.0679510819437,64.9109268275066,69.0260940012965,53.3932322121761,62.7020531383549,67.6485121099716,63.1880550578004,56.4496409184148,66.7172363915269,66.5177993271378,63.5807039129362
FUE 10,62.427350583883,62.4267081439815,62.4246457931484,62.3901858515612,62.310762937962,62.0353094043835,62.226789949145,62.0490443356903,61.7887028929901,60.8829418357282,62.0273491242811,61.9505056810097,60.8406196484391,59.7756861177118,59.4142224662447,61.6564480808391,57.1898750138712,56.9945108018998,61.4838901130982,57.1077185549593,60.7651734163619,60.699719673406,60.5946201901617,42.7393318365985,60.6088139050655,60.4245446921088,56.2664032974339,60.3826702152595,44.7480615966697,54.0572520541059,59.0046000953471,54.5433035431539,47.8045204319466,58.0730719609949,57.8735875269649,54.9359967020245
FUE 11,60.8568141648484,60.8559189383732,60.8530454479288,60.8051111455208,60.6951916647319,60.319705603074,60.5798005784506,60.3382269247749,59.9905233221322,58.8289071952177,60.3089806258791,60.2057959867088,58.7762070889635,57.4869854669367,57.0631515009195,59.8164795489726,54.5618544486337,54.348882520877,59.591842665432,54.4721880733482,58.6825694466957,58.601647707202,58.4723048487363,39.740862526698,58.4897306494091,58.2644901474266,53.5622231362348,58.213597048268,41.7573723365993,51.2278526027395,56.5897803074919,51.7360037777722,44.8353622475078,55.5364623709881,55.3144988014145,52.1485447727355
FUE 12,54.6362062071693,54.6352713480968,54.6322707028974,54.5822281641613,54.4675649351427,54.0767858930246,54.3473268229722,54.0960297496161,53.7352813805875,52.5371459683476,54.0656439852792,53.9585022345114,52.483015756921,51.1638158009313,50.731952082432,53.5551034842018,48.1965263223619,47.9814660064224,53.3229160932243,48.1059680642861,52.3868806495189,52.3038446738869,52.171205287714,33.3335267887833,52.1890693692453,51.9583003413007,47.1879296735189,51.9061982261434,35.3508784988938,44.8391947520924,50.2505069508898,45.3498476459362,38.4312070797356,49.1821298538122,48.9574382293621,45.7646475610248
FUE 13,56.9532769344865,56.9527257523142,56.9509562774028,56.9213723965178,56.8530619498638,56.614817657078,56.7806492535979,56.6267452401851,56.3998289181912,55.5975333034651,56.6079025818774,56.5410636922261,55.5595920136252,54.593098631342,54.2603426711931,56.2838952740221,52.171087395566,51.984755740831,56.1319860797422,52.0927766631373,55.4918610782157,55.4330039150702,55.3383111512095,37.9229575187383,55.3511126569882,55.1846020063784,51.2870873704418,55.1466689396314,39.9271538331264,49.1451785926964,53.880693464728,49.6191446561211,42.9711332076392,53.0082683864945,52.819965341905,50.0010645178648
FUE 14,65.1289331711108,65.1282501513755,65.1260575748946,65.08943138264,65.0050847162666,64.7132759206883,64.9160087973779,64.7278006191879,64.4529292568255,63.5031914393082,64.7048591269517,64.6236539744647,63.4590398886595,62.3536801475136,61.980667988945,64.3136376455802,59.7033837375944,59.5045609486945,64.1322310580497,59.6197535292901,63.3803782751134,63.3121817887312,63.2027673411886,45.1776601909168,63.2175374642265,63.0259353213422,58.7648711637571,62.9824390777733,47.1880218321944,56.5305265935462,61.5591015693349,57.0210666437185,50.2489848243058,60.604355739079,60.4005281037849,57.4177755090207
FUE 15,57.9500073895156,57.9493350170945,57.9471766086509,57.9111186769599,57.8280628538694,57.5405341157365,57.7403236134148,57.5548524110719,57.2837739625811,56.3454588771225,57.5322366177535,57.4521707964345,56.30178064064,55.2068427778669,54.836794618128,57.1463158802433,52.5730221221825,52.3750778474721,56.967211798343,52.4897663252294,56.2239505898768,56.1564630718323,56.0481633221612,38.06627785891,56.0627845874617,55.8730750856426,51.6383262826073,55.8299971025929,40.076230135956,49.4103526432619,54.4182875564912,49.8997596394089,43.1360626433857,53.4694708366891,53.2667497070728,50.2954540719509
FUE 16,63.0826404015489,63.0819093631232,63.0795626954095,63.0403747369389,62.9502156931283,62.6392025216166,62.8551310151067,62.6546509597393,62.362843007382,61.3625824179275,62.6302519395853,62.5439528954773,61.3163528738846,60.1655448255286,59.7797132348508,62.2153929982173,57.444573819465,57.24202210735,62.0237677933474,57.359353908711,61.234043400367,61.1627398143218,61.0484456459286,42.8391599423517,61.0638670216507,60.8639934960935,56.489889484922,60.8186719434759,44.8512214447282,54.2287156712124,59.344963648381,54.7240122624986,47.9168830005511,58.364808120389,58.1562587043651,55.1249851780193
FUE 17,67.8515014437862,67.8507272822859,67.8482422394063,67.8067551587489,67.7113891774751,67.3832655292115,67.6109354983213,67.3995337200111,67.0927478735678,66.0484532055268,67.3738413983421,67.2830288412303,66.0004329565071,64.8108550879291,64.4142227835452,66.9381221162497,62.0310600880129,61.8254530397219,66.7375447232238,61.9445370525693,65.9149838041404,65.8410098323555,65.7225289662692,47.3613738294627,65.7385085978628,65.5315563500139,61.0631596701543,65.4846760474815,49.374784246187,58.7802560080706,63.968427046793,59.2793873833466,52.4441792499961,62.9671535089542,62.7547046580363,59.683804487571
FUE 18,60.6331888696541,60.6325495035383,60.630497017068,60.5962012118216,60.5171516976706,60.242941761968,60.4335661773787,60.2566165262209,59.9973839072511,59.0950032957452,60.2350162659416,60.1585053617747,59.0528225299023,57.9910306420632,57.6304702639129,59.8656675322238,55.410296611931,55.2152070065576,59.693787971793,55.3282571379802,58.9776250228904,58.9123836010502,58.8076184401781,40.9657762126903,58.8217674744068,58.6380671553122,54.4880208413179,58.596318636106,42.9743740415579,52.2808828446756,57.2217848325151,52.766574720255,46.0304690113069,56.2920859600106,56.0929448885048,53.1589464897661
FUE 19,68.948161788771,68.9474917178226,68.9453406950253,68.9094056069587,68.8266289043318,68.5400263700511,68.7391788016882,68.5542999742831,68.2840431928868,67.3482079200505,68.531754703562,68.4519356287863,67.3046326088817,66.2119645178807,65.8425630974327,68.1469826250233,63.5817456664312,63.383993913897,67.9683780224745,63.4985719141267,67.226983420054,67.159650133392,67.0515929408852,49.0791712108262,67.0661818105021,66.8768843019938,62.6478865909594,66.833897396103,51.0890333145117,60.4213116858074,65.4247241464936,60.9104697376096,54.148616856484,64.4772038754169,64.2747249312976,61.3059413553948
FUE 20,58.4367644561779,58.4361571931108,58.4342077331845,58.4016266132418,58.3264806615046,58.0652992353014,58.2469498516154,58.0783426749708,57.8307609633707,56.9641128812293,58.0577387696388,57.9847192880824,56.9234340260097,55.895154065952,55.5442814838247,57.7047145580478,53.369181986296,53.1770759363516,57.5399904707942,53.2884132610138,56.8508793847927,56.7878954060598,56.6866874356785,38.9906172185181,56.7003608828978,56.5227202046409,52.4599163533828,56.4823145897347,40.9977584947524,50.2747760900774,55.1456699479296,50.7565297182944,44.0498390591768,54.2357130504865,54.0402886107472,51.1453851405343
FUE 21,59.9744998163371,59.9739312871478,59.9721061379871,59.9415948954735,59.8711678535485,59.6258043211969,59.796548607886,59.6380788446701,59.4047273013303,58.582256911552,59.6186885541709,59.5499266951875,58.5434528278543,57.5573870303181,57.2188560663031,59.2856368455411,55.1020126730826,54.9138119754641,59.1297200720356,55.0229065486578,58.4742007067392,58.4140412082414,58.3172906590298,40.8112527243948,58.3303676842297,58.1603372826223,54.2098223155672,58.1216214617614,42.8164210672424,52.0538244176573,56.8331446793931,52.5303354285577,45.8630720824233,55.9486676686246,55.7580698690684,52.9145192202865
FUE 22,56.097363408756,56.0963646712254,56.0931590926396,56.0397210236499,55.9174332078752,55.5022208859283,55.7894268878235,55.5226141025447,55.1411909513834,53.8860179070486,55.4904159783896,55.37698985571,53.8296789319806,52.4646000965364,52.0205827339552,54.9513462868311,49.4341234429719,49.2159726087393,54.7073081737465,49.3422448739765,53.7296909822458,53.6433977707477,53.5056877127383,34.5096584057361,53.5242253887595,53.284972172604,48.4122853545267,53.2310183202389,36.5282276897205,46.0424751567448,51.5269738179399,46.5567861952717,39.6119415365743,50.4360599240112,50.2073064344675,46.9748936844248
FUE 23,83.7721611795268,83.7714722992881,83.7692609161585,83.7323219775916,83.6472651219623,83.3531038866231,83.557454141227,83.367741947675,83.090788739768,82.1347982151933,83.3446215760347,83.2627908468997,82.0903881249025,80.979346636121,80.604722422326,82.9504917546485,78.3201108869546,78.1208129047958,82.7678235708786,78.2362781393362,82.0112723901241,81.9426888381934,81.8326660120991,63.7841542074647,81.8475173645822,81.6548827561166,77.3795348956561,81.6111584386305,65.7947358419617,75.1417522640275,80.18149386384,75.6329031972524,68.8563065245929,79.2235319062686,79.0191048185023,76.0301591994477
FUE 24,57.5852067656113,57.5847492250435,57.5828200519098,57.5546380124897,57.4325048262047,57.3825503948412,57.2913962602459,57.0509569050693,56.9970278082254,57.021460325794,56.9485780899602,57.2208176189406,57.0108316548961,56.7441693853993,56.6433253145502,56.8285235721784,56.0802021866521,52.0271937206993,56.6865639148721,55.8807633288144,56.3332960128685,54.6917541413344,56.0818885686946,51.5288872963551,55.1411668134629,54.117544595436,37.323624630596,55.485818393372,47.0404239071524,54.8873590563896,48.1929299382704,54.8731540080826,53.5131664346823,45.1344996039827,44.9323179680329,28.8337612195251
FUE 25,57.5130987083014,57.5123254802658,57.5090658609873,57.4615614374193,57.2580740568021,57.1759214162085,57.027552083814,56.6451310330053,56.5610240134897,56.5990562255477,56.4859548929816,56.9139891397446,56.5824967556051,56.1741252520192,56.023038544928,56.3018772989173,55.2087313727421,50.199585257161,56.0876057144567,54.9308811181407,55.5689206760921,53.3628653372746,55.2111024608708,49.6413912752029,53.9397785999587,52.6482197580705,34.9893065174627,54.3945217705266,44.8486794663167,53.6118907664715,46.050781196316,53.5937020875496,51.9186588228757,42.8854956945277,42.6786200571695,26.485079912599
FUE 26,55.0591194223852,55.0585763079901,55.0562864392029,55.0228568462128,54.8784424357066,54.819585661705,54.7124942304074,54.4318477402246,54.3692508737749,54.3975948399325,54.313119787941,54.6298424187581,54.3852614671401,54.077371756089,53.961680671912,54.1744530916071,53.3225008146428,48.9510494335569,54.0112367804861,53.0986875894541,53.6083976329387,51.7875366387199,53.324398705032,48.431221419296,52.2788463273397,51.1662186343526,34.0593253691749,52.6590129669038,43.8304642189114,52.0007962145611,45.0016145888111,51.9852796512508,50.5189911035889,41.9028490467967,41.6988813592376,25.5639263607726
FUE 27,71.6241527765522,71.6234908861167,71.6207004350005,71.579999368155,71.4049419034271,71.3339456696222,71.2052677847593,70.8709798892108,70.7969697799324,70.8304575935499,70.7307682501419,71.1063867865163,70.8158810916006,70.4543560987867,70.3196337685548,70.567870219849,69.5852389354915,64.8523632325534,70.377269665902,69.3316929727653,69.911741784529,67.8769375809852,69.587396457897,64.3100604641718,68.4165212314075,67.202517726948,49.7715470336089,68.8384048292605,59.5956249208892,68.1104168634605,60.7852435613099,68.0933921604791,66.508036073729,57.6467209288996,57.4410096562034,41.2708279538926
FUE 28,58.0107286211734,58.0102432058618,58.0081965359702,57.978304359527,57.8488943710196,57.7960254998733,57.6996437879053,57.4459587708521,57.3891634196615,57.4148898474449,57.3381704289772,57.6250964513003,57.4036973557185,57.1233541796915,57.0175620073543,57.2119410022507,56.4289140163459,52.2657818874187,57.0629074380744,56.2212321097752,56.6930530513491,54.9904537345936,56.4306717934133,51.7598415274598,55.4542811962319,54.3999272689458,37.4946427991335,55.8110804986119,47.2311492760422,55.1921439077723,48.3903808286554,55.1774873600845,53.780606778031,45.3173772414848,45.1145482991547,29.0027629803795
FUE 29,58.0148753005596,58.0144002588637,58.0123973150564,57.9831414771694,57.8564374133677,57.8046514963671,57.7102111153566,57.461438477928,57.4057048857493,57.4309520593923,57.3556536411176,57.6371366261541,57.4199684135066,57.1446875746607,57.0407238719331,57.2317092708874,56.4614872202353,52.3385597682715,57.0852909271701,56.2568371737664,56.72155803296,55.0413659737709,56.4632187217416,51.8353824974402,55.4999213785219,54.4567938634027,37.591769985514,55.8522691587317,47.3211998630086,55.2408318817929,48.4780116562714,55.2263404327132,53.8429136572009,45.4102483128672,45.2076518675132,29.1006130722077
FUE 30,69.7074314959587,69.7068363551934,69.7043272121728,69.6677108333749,69.5098339009278,69.4456291229411,69.3290071787193,69.0245631536564,68.9568817972242,68.9875182151534,68.8962582715393,69.2391726841376,68.9741853349883,68.6423112041792,68.5180704261432,68.7467582906004,67.8358055965308,63.2960892739199,68.571258860758,67.5984322261717,68.1401399775975,66.2210762705135,67.8378216743569,62.7655505165607,66.7347730518146,65.574978044318,48.3133446549368,67.1341785232689,58.1101731948175,66.4437289945256,59.290247729373,66.4275126268134,64.9055632255809,56.1722465881127,55.9674332243772,39.8153550654771
FUE 31,57.1827189411089,57.1819026235191,57.178461444973,57.1283273046158,56.9139123839328,56.8274985438925,56.6716448335934,56.2711248240264,56.1832560418584,56.2229798555517,56.1048930433556,56.5525319128959,56.2056819491782,55.7799990329798,55.6229250722334,55.9129854696026,54.7798178041617,49.6764365353743,55.6900244332688,54.4933501442396,55.1520597519171,52.8860239778367,54.7822649048168,49.1130618078454,53.4757414048156,52.1577450608928,34.4246719719312,53.9418786425043,44.2951937936053,53.1403638271816,45.5012672845599,53.1217763605055,51.4164320613565,42.3274850113801,42.1202412704316,25.9193439188102
FUE 32,83.0127090171245,83.01213219515,83.0097002583135,82.974205657767,82.8210617741531,82.7587345662628,82.6454548635548,82.3493355822405,82.2834290147672,82.3132653983198,82.2243724920958,82.5581361072436,82.3002813663874,81.9767626162371,81.855493003312,82.078646916858,81.1881429282149,76.7057525093835,81.9074196086644,80.9554436837556,81.4861066063421,79.6007712282774,81.1901182252732,76.1788133205896,80.1068230588741,78.9631049469282,61.7534098739323,80.4996379281257,71.5417007022211,79.8202194532876,72.7188014843266,79.8042419832653,78.301212868041,69.6072050488223,69.4026728282144,53.2562793673601
FUE 33,58.0031207737085,58.0026604280178,58.0007194306386,57.9723652596016,57.8494989543716,57.7992505908353,57.707568790926,57.4657898757107,57.411570425286,57.4361340381931,57.3628629275014,57.6365891728584,57.425448246872,57.1573979266667,57.0560508583501,57.2421819721237,56.4903248179485,52.4259277467683,57.0995036906916,56.2900424320491,56.7445466719923,55.0967367635261,56.4920184997139,51.9268222145278,55.5476363671447,54.5208387268172,37.7152416721255,55.893537590631,47.4341269024176,55.2929699322587,48.5873428766289,55.2787182974012,53.914909323234,45.5273729521438,45.3251228243362,29.2251643521291
FUE 34,66.1719935803582,66.1714228480168,66.1690165768608,66.1338949580736,65.9823261874995,65.9206244509936,65.8084590353783,65.5151201604548,65.4498072802659,65.4793760030538,65.3912752073129,65.7219797686487,65.4665086742463,65.1457888619238,65.0255162827766,65.2468139000028,64.363184944949,59.9003006121071,65.0770193448301,64.1320632676098,64.6590020960323,62.785079090531,64.3651464880552,59.3745977985395,63.2885337544809,62.1502844504148,44.9584438626075,63.6791145532292,54.7437799885059,63.0034379274112,55.9198534586417,62.9875416349033,61.4909606859262,52.8104707682441,52.6060358236381,36.4616110977826
FUE 35,62.4782431273038,62.4775175474183,62.4744587061368,62.4298643481684,62.2385093521117,62.1611052408747,62.0211001368297,61.6590325693563,61.5791785949378,61.615297312654,61.5078399832126,61.9137593699001,61.5995729468259,61.2108661473541,61.0666197035888,61.332654574505,60.2855004198269,55.3883513022799,61.1282914521528,60.0176730758796,60.6317431444409,58.49593111161,60.2877832889203,54.8364708980419,59.0576717698506,57.7975486852048,40.2291034675474,59.4989950752811,50.0746553155998,58.7386472217841,51.2718524577799,58.7209314009501,57.0820970223879,48.1170715571873,47.9106520481156,31.7262466334597
FUE 36,54.8461956438785,54.8456023135069,54.8431008004772,54.8065952689292,54.6491857433437,54.5851662555117,54.4688739656144,54.1652500390481,54.097743339842,54.1283010342438,54.0372739696563,54.379287454303,54.1150024824155,53.7839498186046,53.6600008101039,53.8881450938609,52.9791978979675,48.4450585732834,53.7130653545992,52.7422817457735,53.2829083881661,51.3671383713076,52.9812099847072,47.9148677899979,51.8800906180209,50.7218599534483,33.4652447682085,52.278853286787,43.2612521263879,51.5894791561652,44.4410402941011,51.5732860509075,50.0531753322566,41.3236556940245,41.1188693753665,24.967337727048
FUE 37,55.7254360038178,55.7246091023158,55.721123329541,55.670343543659,55.4532509123354,55.3657951685723,55.2081145331433,54.80319274416,54.7144119363143,54.7545457512308,54.6352511545703,55.0876493982264,54.7370688422418,54.3072003203087,54.1486835570985,54.4414501592136,53.2986704401741,48.1730849215426,54.2163928219359,53.010147457456,53.6737955320507,51.3935091961461,53.3011356929329,47.6085066382383,51.9862483154844,50.6620249842658,32.9117320777624,52.4550837501845,42.7848195797332,51.6491018746158,43.9918090479558,51.6304203313723,49.9179589433812,40.8160684838466,40.6087400108174,24.4061509887576
FUE 38,57.7660381735495,57.7653310550609,57.7623500088123,57.7188837684457,57.5322433428844,57.4566894682919,57.3199502840482,56.9658666524239,56.8876875870493,56.9230524608371,56.8178199858385,57.2150447267754,56.9076570373019,56.5267215942207,56.3851899108807,56.6461480501974,55.6173274406223,50.7659806181612,56.4457117970806,55.3535316976141,55.9579819648244,53.8505732206409,55.6195748825023,50.2167322003328,54.4061239701141,53.158859531415,35.6281626352141,54.8419977257217,45.4678751046077,54.090711643568,46.6630064155384,54.0731888272489,52.4492220180368,43.5126541521648,43.3064272875671,27.1258859671238
FUE 39,84.1501376215179,84.1495307202974,84.1469720126803,84.1096356412093,83.9487242475228,83.8833172206269,83.764557274625,83.4547996941605,83.3859876730318,83.4171336751788,83.3243664853271,83.6731152632744,83.4035785762255,83.0663907272033,82.9402644222278,83.1724658745003,82.2485663294093,77.6730793986538,82.9942533669652,82.0082475354993,82.5569235746566,80.616670535178,82.2506081281872,77.1403200015406,81.1351466995892,79.9653167449997,62.6716723615867,81.5386834027507,72.4737205542523,80.8413249470732,73.6556170224754,80.8249592693034,79.2912270152597,70.5336943974193,70.3287091084092,54.1731584742224
FUE 40,71.1660654300391,71.1654737043087,71.1629789541297,71.1265716746904,70.9695764983805,70.9057212908195,70.7897213087332,70.4868247534161,70.4194729966985,70.4499608521721,70.3591403912125,70.7003547142784,70.4366927541511,70.1063689765083,69.9826789172143,70.210340792521,69.3031739702216,64.773993775175,70.0356335036273,69.0666639290796,69.6063304372871,67.6934869582349,69.3051825123475,64.244112813392,68.2057772979799,67.048937615317,49.7967909114228,68.6039686739699,59.5920663766526,67.9155503965069,60.7715993763122,67.8993779727096,66.3809025950644,57.6547641866439,57.4500019716949,41.2989574573965
FUE 41,55.4901451790331,55.4895779833844,55.4871866182407,55.4522816340413,55.3016280422178,55.240289865307,55.1287723420037,54.8370512566373,54.7720840278872,54.8014969063015,54.7138573576803,55.0427813626937,54.7886975255375,54.4696082043094,54.3499168383108,54.5701325113338,53.6905143450649,49.2390644978082,54.4011729732607,53.4603144153823,53.9850781656631,52.1178299811966,53.6924678542855,48.7140891989452,52.6197631805466,51.48471927842,34.3033883649904,53.0090363763403,44.0869805219261,52.3355504602101,45.2624480783834,52.3197017272125,50.8269030770519,42.1543713494108,41.9499938154152,25.8067314424625
FUE 42,72.7638205512993,72.7632706157269,72.7609519971149,72.7271044309091,72.580921356562,72.5213606560069,72.4130129116536,72.1292189613782,72.0659476784793,72.0945958045922,72.009220136762,72.3294126953407,72.0821298353926,71.7710503600595,71.6542185280683,71.8691129156352,71.0092603405544,66.6147615936379,71.7042595196046,70.783618210152,71.2976359847153,69.4634667224325,71.0111741495969,66.0934402951943,69.9578331992542,68.8387492692922,51.7102460549077,70.3406159040812,61.4850185410931,69.678010518496,62.6574268614081,69.6623983613952,68.1884637706341,59.555947101558,59.351859848714,43.214479600832
FUE 43,84.8304040936097,84.829810098105,84.827305781838,84.7907595249693,84.6331782666973,84.5690906970906,84.4526772766714,84.1487519820677,84.0811810955492,84.1117677214018,84.0206550711709,84.3629996407961,84.0984565537088,83.767101977152,83.6430457262636,83.871389804092,82.9617054052425,78.425514894729,83.6961558081884,82.7246211536573,83.2656452551404,81.3486641504379,82.9637189592831,77.8951960735048,81.8618902128586,80.7030841992933,63.4446224865873,82.2608892597623,73.2409321038272,81.5711196600257,74.4208256684314,81.5549179995011,80.0341309742155,71.3032141458366,71.0984178725728,54.9466850592019
FUE 44,63.3138408082112,63.3131337764564,63.3101530957021,63.2666921561628,63.0800738985212,63.0045287303535,62.8678049232334,62.5137589318008,62.4355877715955,62.4709490870415,62.3657271157286,62.7629108393661,62.4555552161242,62.0746564884783,61.9331376464711,62.1940717784417,61.1653379994423,56.3142097201424,61.9936540926189,60.9015614001842,61.5059660180106,59.3986923509416,61.167585273178,55.7649739311955,59.954213587466,58.7070105050082,41.1764947865467,60.3900613950532,51.0161791255605,59.6388184785435,52.2113004937393,59.6212965825838,57.9974007943746,49.0609695510232,48.854743614364,32.6742209154001
FUE 45,56.747523681855,56.7469080371324,56.7443124803618,56.7064409078665,56.5432755693728,56.4769762917184,56.3566306871069,56.0429381654791,55.9732899137018,56.004812753418,55.9109311774999,56.2639973486774,55.9910933141961,55.6499800963621,55.5224629138149,55.7572570434244,54.8238220070377,50.2222442065115,55.577042234578,54.5813407580334,55.1351368502121,53.1793587062962,54.8258827006896,49.6878772934521,53.7013252021988,52.5241744962959,35.2073714286107,54.107884260869,45.0131757994742,53.4054741202632,46.1963852009814,53.3889994231027,51.8466842701205,43.0716378263045,42.8665287952864,26.7084806736196
FUE 46,54.6452375414885,54.6446138529381,54.6419843961059,54.6036205177612,54.4383831605981,54.3712642197792,54.2494627521605,53.9321617877712,53.8617474978882,53.8936155087417,53.7987133569309,54.1557362743635,53.8797455320443,53.535039874636,53.4062512724922,53.6434160307021,52.7012754836704,48.0760634491333,53.4613701685945,52.456825080901,53.0152865816958,51.045394210667,52.7033533914459,47.5402492007908,51.5705254608536,50.3867424561537,33.0490980911793,51.9798288724253,42.8582684539581,51.2728337547192,44.042655706003,51.2562602221789,49.7061787570269,40.9153750459041,40.7101551122962,24.5498699215743
FUE 47,57.1764555240225,57.1759129084477,57.1731066811741,57.128842952123,56.8808406322764,57.0289804378096,56.5645497064979,56.7263286354823,56.816311030284,56.7931188352257,55.4766642287066,56.4807317796481,56.6716912967022,56.5747012074935,56.5517589585412,55.2340079040435,56.2676799173417,55.163823370192,54.9074817175007,55.7644591919619,54.6740763751101,46.2636925600653,53.9396524099225,54.6838194484452,49.1023363662303,43.9492437644236,49.4148656699601,51.7196652334992,53.5609564999876,55.0617238744676,35.57046081883,54.913602428783,54.6605558227919,36.5902793222057,35.2481317074779,45.5750384541321
FUE 48,63.8072350041694,63.8067058767109,63.8039693792685,63.7607997333816,63.5187301247884,63.6633659664507,63.2095408317504,63.3677505382178,63.455690727823,63.4330288556296,62.1425523705162,63.1275216050716,63.314333195951,63.2194721704162,63.1970267693449,61.9038967141713,62.9188916693677,61.8348289006621,61.5824182798728,62.4253086433196,61.3523987733524,52.9948348375292,60.6275296287558,61.3620040692172,55.8252262604905,50.684086732549,56.1364737312131,58.4283693725064,60.2531710762723,61.7343225421064,42.3098017722414,61.5884477675494,61.3390689119458,43.3294178603673,41.9875273659701,52.307493942501
FUE 49,70.3870063180739,70.3863741924414,70.3831052567749,70.331588904901,70.0444999500347,70.2156759995253,69.6819481733635,69.8669063765962,69.970215753293,69.9435582520322,68.4611499717228,69.5865030064182,69.8043300576043,69.6935253298457,69.6673665210792,68.1935767245659,69.34501866383,68.1164665681348,67.8358471953023,68.7805646519516,67.5816569305868,58.8612182954578,66.7891947419489,67.592243536075,61.7466264719614,56.5259895138925,62.0664730600354,64.4457516878151,66.3844480813802,68.0045089810524,48.1221064151923,67.8425295120443,67.5669692019434,49.1430507896384,47.7994730831578,58.1651768798737
FUE 50,59.5033820969763,59.5028590452049,59.5001539578212,59.4574772415115,59.2180837035383,59.3611383694598,58.9121047326554,59.0687000046697,59.1557173281032,59.1332950466014,57.8546072279475,58.8308998265282,59.0158342757569,58.9219364314887,58.8997159014499,57.6177761754494,58.6242739018638,57.5492181070197,57.2986033891809,58.1350689598699,57.070132611085,48.7369589168956,56.3496434798439,57.0796748512642,51.5635110407073,46.4279359790918,51.8741631159665,54.1600793531623,55.9772778540059,57.4494392922624,38.0557507689165,57.3045911742492,57.0568900267127,39.0752722969609,37.7335019197195,48.050229960453
FUE 51,62.5390571363136,62.538375715043,62.534851978324,62.4793472968228,62.1709405136716,62.3546446185818,61.7835372212655,61.9808965587426,62.0913821814349,62.0628554385344,60.4935470227847,61.6819094930354,61.9140613627545,61.7958741895777,61.7680016371672,60.2133557962408,61.4254129526296,60.1327578009984,59.839977596552,60.8291320710814,59.5754567218865,50.7092901973116,58.7545359553228,59.5864611444445,53.615714321576,48.3648274537476,53.9388791128479,56.3523997499843,58.337198288418,60.0158499384326,39.9498753088104,59.8469400734901,59.5601910693024,40.9713142154457,39.6271083813067,50.0099587833865
FUE 52,59.5704581252168,59.5696988182939,59.5657725397983,59.503974914794,59.1621827831015,59.3654558021177,58.7363850634999,58.9528336816134,59.0744293140015,59.0430041694911,57.3423686019898,58.6252919168467,58.8794271078147,58.7498876495748,58.7193867959898,57.043647851107,58.345953051502,56.9579513334432,56.6474729416483,57.7018954737981,56.3680126011429,47.2999679062609,55.5063819686026,56.3796195595756,50.2345234157974,44.9432449383182,50.5621590793464,53.0222897734371,55.0712381814107,56.8338244300411,36.5136756840638,56.6548417809517,56.3519137551176,37.5357657974962,36.1907328656774,46.5962612962838
FUE 53,60.3851204460417,60.3843699042484,60.3804889249514,60.3193989789423,59.9813460398419,60.1824304172074,59.5598170814607,59.774147511823,59.894506538283,59.8634042730953,58.1771991239709,59.4497711718185,59.7014710467072,59.5731905652373,59.5429807752647,57.8804833140146,59.1729511941374,57.7953371320737,57.4867646196376,58.5341241114868,57.2089076913352,48.162053278398,56.3516214214324,57.2204500764788,51.0937085893186,45.8065890120917,51.4208817758749,53.8761655246386,55.9183664095055,57.6719884684849,37.3785162685407,57.4940897763571,57.1928981248097,38.4005398071139,37.0555914304791,47.4587962158994
FUE 54,70.9152893866013,70.9146364463845,70.9112599213765,70.858059028296,70.5619509563559,70.7384304524592,70.1888527790279,70.3790780751983,70.4854314438134,70.4579813339062,68.938507941396,70.0907784807228,70.3146938728329,70.2007528967196,70.1738656080229,68.6655174219708,69.8429012527533,68.5869082483355,68.301056974955,69.2648519117634,68.0424156593306,59.2585455939305,67.2376606200553,68.0531824025908,62.1531756566006,56.919256990356,62.4744759972433,64.8687201036701,66.8274605951623,68.4728219335724,48.5105008777616,68.3078599177151,68.0274787481436,49.531663112402,48.1878086894725,58.5610582458166
FUE 55,59.1637491124838,59.1632433924243,59.1606279079331,59.1193576898205,58.8876106559275,59.0261451328953,58.590828775287,58.7427956510699,58.827170210211,58.8054338237183,57.5606759861586,58.5119609580727,58.6915105854717,58.6003746255739,58.5787992455916,57.329128532227,58.311093749031,57.2620481052666,57.0166447177569,57.8345055539063,56.7926747825562,48.5312207636983,56.0849486736427,56.8020336507398,51.3463776812908,46.2273312384101,51.6552661723834,53.9235241263247,55.7184069961264,57.1643794555548,37.8614050066001,57.0225113952799,56.7796860253585,38.8806444088425,37.5392324127024,47.8463117658289
FUE 56,55.0639182688376,55.0633278526512,55.0602745201921,55.0121359912249,54.7431992970143,54.9036876512155,54.4020185431386,54.5762839782381,54.6734315997651,54.6483772673915,53.2419409265142,54.3119255298454,54.5173734303348,54.4129389215862,54.3882617687605,52.9856385883999,54.0834964186011,52.9116548760645,52.641973636832,53.5470017567332,52.3971211657771,43.8130630486058,51.6306028710387,52.4073292867866,46.6782503604713,41.4867798699685,46.994921777107,49.3417094677007,51.2374389452016,52.8041428250331,33.0936696758364,52.6484033062736,52.3829570706945,34.1141315912761,32.7711666963813,43.1202045981354
FUE 57,67.6063585533351,67.605803033078,67.6029300934162,67.5576199002021,67.3039520535294,67.4554361897126,66.980899173813,67.1460739073933,67.2380017342923,67.2143041748292,65.873240737878,66.8953720024516,67.0902752354154,66.9912599825548,66.9678454109818,65.6268199928698,66.6781239935854,65.555585884154,65.2955537232823,66.1657864379331,65.0589748958019,56.5996971795097,64.3156211475019,65.0688470120449,59.4459048098054,54.2818654008497,59.7596114680294,62.0763004382534,63.9328841298514,65.451989948215,45.8989780450242,65.3017600031987,65.0452757547229,46.9189810776359,45.5765990653169,55.9098419713275
FUE 58,62.1112409354784,62.1106463832744,62.1075716704675,62.0590980539577,61.7883565894337,61.9499083793454,61.4450423195892,61.620376418455,61.718138787445,61.6929245852964,60.2788510353115,61.3544135078501,61.5610997703574,61.456028406468,61.4312030062837,60.021405402551,61.1246749563421,59.9471040784345,59.6763100293253,60.585364031445,59.4305055679196,50.8323321307017,58.6613326202993,59.4407523112673,53.699637457258,48.5051091335791,54.0166406527722,56.3668109165265,58.2669789127474,59.8391400567863,40.1108648444298,59.6827654306883,59.4162880338196,41.1313776035871,39.7883481269618,50.1391394787834
FUE 59,56.7056821034076,56.7052164107681,56.702807871717,56.6647879328148,56.4507724169287,56.5788124866547,56.1754557561858,56.3166014094138,56.3948143956394,56.3746759651152,55.2100309559987,56.1020667254575,56.2690076185388,56.1843321742794,56.1642678879882,54.9911498912205,55.9147417560453,54.9276212042871,54.6947769763833,55.4680350096431,54.4816954357021,46.3991299525648,53.8050567575734,54.4906099375251,49.1851665533425,44.1084480131985,49.4895724165998,51.7132994560461,53.4528055880765,54.8350318029791,35.7587010774481,54.7003512042263,54.4693218852911,36.7772093903622,35.4367261177151,45.7188970856051
FUE 60,62.8028383340966,62.8021127303616,62.7983606369057,62.7392848593711,62.4118952650217,62.6067338327621,62.0025832302808,62.2108457451621,62.3276675813644,62.2974885058822,60.6528159108971,61.8955415421709,62.1402595112329,62.0155865507072,61.9862113613063,60.3619131203304,61.6259590236357,60.2783643844706,59.975330133852,61.0022127053444,59.702139895852,50.7175995326715,58.8575317319014,59.7134942118306,53.6406552002732,48.365874653608,53.9664591571194,56.4074274749513,58.4298042440417,60.1572760478355,39.942253393597,59.982528247761,59.6863903731445,40.9640787706247,39.6193820764429,50.0156775048495
FUE 61,65.5316195783045,65.5310838735655,65.5283133732348,65.4846101746206,65.239646155114,65.3859917316957,64.9269895029579,65.0869422384373,65.1758794088351,65.1529586622598,63.8497812802316,64.8440916037035,65.0329291935947,64.9370283790586,64.9143402906148,63.6091662169586,64.6333007470045,63.5395513030234,63.2852142314679,64.1350040415902,63.0535347414657,54.6699892292879,62.3239775700011,63.0632075987623,57.5044505011765,52.357414772283,57.8163297850723,60.1145804788109,61.9474891801962,63.4382643150688,43.9809089206234,63.2912884344778,63.0401113698554,45.0006249768012,43.658607496416,53.9820003331918
FUE 62,75.7845732145718,75.7839968025649,75.7810158629514,75.7340121288138,75.4711940144849,75.628075730132,75.1372607869064,75.3078940280586,75.4029540147429,75.3784424627888,73.9980382994902,75.0489903358391,75.2502273455072,75.1479577208686,75.1237847109579,73.7456504129395,74.8250195616499,73.6727549603128,73.4068894158406,74.2981337185251,73.1653046480646,64.6300731656539,72.4079152419148,73.1753801362367,67.4878887429435,62.307066184189,67.8034068636421,70.1384588558757,72.0188508185747,73.5667921414328,53.917913671877,73.4132308046146,73.1513240763515,54.9381980572504,53.5954586627889,63.9383793734828
FUE 63,57.6623090832476,57.6618324016811,57.6593670476954,57.6204545173492,57.4015610351315,57.5324898751472,57.1203199239798,57.2644549095097,57.34436760523,57.3237885359852,56.136901365134,57.0454153374871,57.2158420201464,57.1293814272909,57.1088993231591,55.9144764785439,56.8543383420053,55.849952743563,55.6135852676086,56.3993226528624,55.3974432462242,47.2638015824726,54.7120362009491,55.4064827573391,50.0582552350841,44.9692888318011,50.3639532133553,52.600464789281,54.3557391879849,55.7559393325695,36.6148378710987,55.6192416203663,55.3848966104625,37.633559011668,36.292805373658,46.5822133668149
FUE 64,102.009650198063,102.009063781953,102.006031127237,101.958216700279,101.691026455038,101.85048556575,101.351912115549,101.525142247817,101.621694539904,101.596795011541,100.197766970288,101.26233836327,101.466586314923,101.36276882234,101.338235324313,99.9425758700239,101.03517880744,99.868900966374,99.600302045319,100.501417183132,99.3563759138005,90.7860999533046,98.5924428616811,99.3665464453297,93.6492135901233,88.460737559869,93.9655603547741,96.309040930951,98.2004386216013,99.7618284357055,80.0687390183881,99.6067066817308,99.3422638297303,81.0891510839364,79.7462495086116,90.0935688908097
FUE 65,92.1484310349543,92.1478506048532,92.1448488940596,92.0975195287945,91.8329446328461,91.9908621088627,91.496928194252,91.6686057738886,91.7642657215507,91.7395982008459,90.3516973289621,91.4081334805378,91.6105815217819,91.5076893915574,91.4833713852062,90.0981793955187,91.1828795985621,90.0249696489585,89.7580016734103,90.653225149927,89.5154722527664,80.9660653083421,88.7554411185228,89.5255860933012,83.8260283176109,78.6421031210041,84.1418821669165,86.4803468709725,88.36518909226,89.9185593087542,70.2517960286719,89.764368576031,89.5014386117148,71.2721322211036,69.9293270205507,80.2740320076502
FUE 66,58.3042309931363,58.3037367307792,58.3011804824602,58.2608403617035,58.0341586211902,58.1696969862965,57.7434888791374,57.8923771542885,57.9749963138608,57.9537153476355,56.7316366437676,57.6661776657146,57.8421428604894,57.7528444375069,57.7316985692458,56.5036475066456,57.4691519775053,56.4375635162496,56.1956788868136,57.0010099203718,55.9747536791794,47.7625399700769,55.2756903397159,55.9839883965728,50.5697812744627,45.4622278618306,50.8774478429836,53.1335171776996,54.913115838665,56.3413188253277,37.1006731647219,56.2014637106301,55.9619367884901,38.1197152879801,36.778553896761,47.0788984598341
FUE 67,76.122147132631,76.121568699848,76.1185773139977,76.071409810285,75.8077080529585,75.9651107668605,75.4727267615341,75.643885440796,75.7392472575046,75.7146572423541,74.3304800588415,75.3841925144886,75.5860388613118,75.4834560301302,75.4592100637213,74.0775231501509,75.1595760454981,74.004469425357,73.7380486735939,74.6312966417853,73.4959881032688,64.9536105586032,72.7372678394168,73.5060829097508,67.8125094318235,62.6301216276244,68.1281968905566,70.4649698511445,72.3476049910282,73.8982812338363,54.2403865013857,73.7444029124643,73.4819808000789,55.2606970308215,53.9179244277589,64.2617454732852
FUE 68,67.4803893099812,67.4798571002107,67.4771046679499,67.4336849738617,67.1902586221038,67.3356959530203,66.8794433863658,67.0384705345788,67.1268782076256,67.1040949549341,65.807658579369,66.7970120157905,66.9847738406812,66.8894251627337,66.8668659343749,65.5680826484688,66.5873683055545,65.498757839005,65.2454421470578,66.0915729746918,65.01464258838,56.6448489058309,64.2875696132863,65.0242796355019,59.4771585989705,54.3332396647285,59.7887037813689,62.0835926628241,63.9122094127853,65.397884756445,45.9579072827259,65.2514926449817,65.0012687803663,46.9775705240887,45.6356201324534,55.9572024962517
FUE 69,54.8315905996547,54.8311521871613,54.8288846957169,54.7930815301429,54.5912086719167,54.7120520185136,54.330703912553,54.464367004319,54.5383335023188,54.5192953883133,53.4107036877708,54.2611153530442,54.4193220799983,54.3391165218016,54.3200993521821,53.2008475109159,54.0832191778368,53.1398575695513,52.9160191235923,53.6574950366596,52.7107816183245,44.7621058413836,52.0567259099811,52.7193753343136,47.5256825584386,42.4816990417216,47.8266546695732,50.0166073133468,51.7149500135289,53.0509049546377,34.1446152107499,52.9213831357885,52.69885227589,35.1625495026516,33.8227954547867,44.0855045253743
FUE 70,57.0788266524415,57.0781765972469,57.0750441108012,57.0107670892415,56.8161753157844,56.9458731493155,56.599851720726,56.8376662224707,56.8574440515378,56.6952099639054,55.6903131597175,55.3520173540752,56.3920257328927,56.3980843872195,56.4221629541493,51.6303225133648,56.1689914249692,56.0593432593421,50.2339889743332,55.0979634872,49.2272636306839,44.965909323023,46.4434988879558,55.2795094592787,37.7945763912947,44.1268944725205,54.2593557853297,37.2409346304509,54.9576228623723,54.2834339758166,51.2000760230565,53.9197493294908,54.4462354846797,51.24528290445,50.8473119080884,52.6603628779418
FUE 71,67.8413759159086,67.840660855145,67.837215269824,67.7665681324093,67.5533102892626,67.6953471259873,67.3172816911977,67.5768179831794,67.5984615107251,67.4211943271655,66.3356070655749,65.9743601995278,67.0915051098035,67.0980739796394,67.1241879137819,62.0930070314243,66.8502148884007,66.7319563909291,60.6650028994302,65.7042805954636,59.6410950684598,55.3388405355963,56.8263339395523,65.8971764001458,48.147824351005,54.4955395851768,64.8192952609954,47.5936247704886,65.5555048752403,64.8445777011648,61.6518703082842,64.4634287871031,65.0157082812942,61.69817015661,61.2909658256685,63.1541019072714
FUE 72,76.4276057512078,76.4269507497061,76.4237944384484,76.3590323472831,76.1630154053566,76.2936559647972,75.945181168041,76.184660568018,76.2045810379915,76.0411959930174,75.0300581691981,74.6899675856841,75.7359735174903,75.7420715160857,75.7663069939225,70.9555427698371,75.5115286302299,75.4012132692465,69.5566324947118,74.434655309594,68.5485019364404,64.2837821315285,65.7621893099319,74.617092960935,57.1108191585884,63.4444129105122,73.5923816436471,56.5571311038832,74.2936506044432,73.6165554817774,70.5244121911483,73.2514813413363,73.7800178598767,70.5697078935152,70.1709858951975,71.9880930347973
FUE 73,57.2137929046809,57.2131873222644,57.2102690543535,57.1503560450386,56.9686143026899,57.0898073208966,56.7659576770521,56.9887123203192,57.0072025826347,56.8553698734122,55.9073607600219,55.5855787968812,56.5706737160485,56.5763746665005,56.5990269813597,51.9830526394103,56.3604855352909,56.256928229048,50.6112870884001,55.3431452696161,49.618024791723,45.3891031340415,46.8587888977646,55.5164537850537,38.2335751913767,44.5535188901208,54.5385873145932,37.6803832267675,55.2089507796204,54.5617733559622,51.561218229433,54.2110691323477,54.7184161753163,51.6055791672567,51.2147665652028,52.9893090397984
FUE 74,61.01693119079,61.0163648665269,61.0136357097087,60.9575790563072,60.7872350544509,60.9008773404957,60.5967709121933,60.8060945267808,60.8234405627033,60.6808696384523,59.784267320602,59.4776505704649,60.4127400049729,60.4181191583714,60.439488890789,55.9879341969034,60.2141419046607,60.1161027680342,54.6401890978183,59.2459549849027,53.6602044561336,49.463607562354,50.9253713138542,59.4116458591507,42.324008001407,48.631470829053,58.4731822993359,41.7712710512421,59.1174623293515,58.4955293550956,55.5742941626371,58.1570651021646,58.6463895930516,55.617829631774,55.2340122104128,56.9711906301408
FUE 75,62.4416985679165,62.440862252005,62.4368327149345,62.3543309857316,62.1066203627323,62.2713845753187,61.8346738806181,62.1338302770722,62.1589030166899,61.9541228137819,60.7253244465853,60.3246630495061,61.5765737995905,61.5840562595494,61.6138176982207,56.183930231255,61.302790416469,61.1693376031646,54.7073441672774,60.0273944519959,53.6574506303012,49.2943647246195,50.796457895624,60.2395182053527,42.0745751587185,48.4447708774738,59.0652225808171,41.5195648094221,59.8644159694166,59.0924816902406,55.7259867220412,58.6828076916518,59.2773234554136,55.7739685029324,55.3525889999013,57.2935466591082
FUE 76,56.2207022517454,56.2200198671501,56.216731662962,56.1492852793153,55.9453930133155,56.0812410837039,55.7192295080978,55.9678897640077,55.9885978752255,55.818862226926,54.7734783264587,54.4235981776133,55.502420238664,55.5087344838152,55.5338325123018,50.6204783019463,55.2702308288368,55.1562580363317,49.2078186020637,54.1614374863707,48.1922115671863,43.9096474940398,45.3923817488542,54.3487264438999,36.728073081672,43.0684044202196,53.2992857817826,36.1741407547688,54.0168239227949,53.3239768852906,50.1846244142041,52.9513954822979,53.4910152604263,50.2303943738586,49.8276643568218,51.6664712207721
FUE 77,76.5578220169701,76.5571304012339,76.5537977355833,76.4854468618525,76.2789052614198,76.416504469158,76.0499466858915,76.3016881850099,76.3226610468014,76.1507925896748,75.0939788330306,74.7408533689271,75.8305927641061,75.836979315972,75.8623658047356,70.9152319980976,75.5958169693649,75.4806248664258,69.4981249938177,74.4764281578466,68.4801074707567,64.1918123517589,65.6759334785676,74.6653207736057,57.0074833072414,63.34996925496,73.6077303473939,56.4534729474974,74.3306231871097,73.6325912892335,70.4778482361427,73.2575475926518,73.800804538561,70.5237717077105,70.1197450370407,71.9655910564701
FUE 78,62.5444290421136,62.5435757230113,62.5394643079833,62.4553031149983,62.2027988190264,62.3707203960405,61.9259006956139,62.2305217763383,62.2560701706851,62.0474857461406,60.7993219032815,60.3934565907637,61.663384136276,61.6709909110923,61.7012489724939,56.2197761168127,61.3851985716653,61.2497000224251,54.7372613425269,60.0926292396469,53.6842270327531,49.3138705136199,50.8176982780066,60.3072671194266,42.0906814255445,48.463531018995,59.1204905576702,41.5355756496907,59.9278017561431,59.1480024204045,55.7597731617484,58.7346935088093,59.3346009878402,55.8079606382814,55.3848503462699,57.3353886816013
FUE 79,56.017481403437,56.0165992734195,56.0123491252221,55.9253776718386,55.6647716248065,55.8380267349901,55.3795299655543,55.6933605234177,55.7197119988833,55.5047112502527,54.2241173868595,53.8096030430763,55.1095931231399,55.1174084873628,55.1484999976197,49.5817956069494,54.8240313776293,54.6851118450243,48.0896554137151,53.5028768107308,47.031535916481,42.6494444846825,44.1560672552448,53.7216806973598,35.4207860804331,41.797904399696,52.5142855510216,34.8655269387722,53.3349895447399,52.5422134079052,49.1184451779999,52.1229281295317,52.731705180191,49.1669668099943,48.7410461219517,50.7071782258188
FUE 80,55.0496183213498,55.0489147819145,55.0455246870045,54.9760058086494,54.7660462201565,54.9059040891121,54.5334868087057,54.7891981142546,54.81051237574,54.6358949842865,53.5644019873354,53.2071246463495,54.3108592663191,54.3173387781327,54.3430961563533,49.352909333771,54.0727606526795,53.9560036261587,47.9301905310033,52.9398065182498,46.9091367760659,42.6136381376302,44.0995004975696,53.1307474473449,35.4258543379247,41.7710420938903,52.0627653569951,34.8717461842669,52.7924809069147,52.0878424054417,48.9135936443759,51.7096675018345,52.2575511206432,48.9597109015195,48.5540478889224,50.4087904402878
FUE 81,66.6568493245248,66.6560768471352,66.6523547377,66.5760897525688,66.3464590610894,66.4993041833126,66.0932887746978,66.3717294143562,66.3950049173447,66.2046251510446,65.0500815814513,64.6696496227428,65.8520225454551,65.8590300386308,65.8868946964426,60.6598129754985,65.5951008503465,65.4695120017833,59.2073132325582,64.3862836385769,58.1702473221157,53.8370383472886,55.3319803588603,64.5885799222714,46.6313064619103,52.9905230618648,63.463347950071,46.0766915362531,64.2305505760392,63.4896065383908,60.210217432774,63.0943491497537,63.6675019894119,60.2573645263309,59.8430145941034,61.7452374118785
FUE 82,60.4999411155967,60.4993698406561,60.4966168353006,60.4400736642246,60.2682895155884,60.3828862337704,60.0762811486985,60.2873056426627,60.3047963689283,60.1610533117535,59.2579053457483,58.9493446572828,59.8908216359953,59.8962416872967,59.9177743996877,55.4449808445521,59.6907487620537,59.5920062610548,54.0940739359706,58.7162690565462,53.1123350315865,48.9114478411542,50.3742656029832,58.8829392386946,41.7697239853493,48.0788519016579,57.9393939370069,41.2169262527621,58.5870424050962,57.961849614539,55.0302638917353,57.6217988653672,58.1134580149671,55.0739079253017,54.6891699402972,56.4312505573768
FUE 83,81.2712373378017,81.2705346120468,81.267148436115,81.1977092520317,80.9879827620153,81.1276866149247,80.7556687339821,81.0111095014516,81.0324004861489,80.8579704699026,79.7874761830372,79.4304807469403,80.5332641120466,80.5397372958201,80.5654694253155,75.5782001024642,80.2953916089798,80.1787410162582,74.1558596021184,79.1633588941987,73.1350103355948,68.8399963168004,70.3257416032894,79.3541608642471,61.6524446712407,67.9974508845992,78.2868831210062,61.0983430866741,79.0161364047074,78.3119455377361,75.1390146995732,77.9339825693522,78.4815529823029,75.1851188905253,74.7795661928766,76.6337085115629
FUE 84,90.8747350602292,90.8740497993702,90.8707477417007,90.8030195121983,90.598301461289,90.7346953916884,90.3712663700669,90.6208874274132,90.6416780719734,90.4712774434388,89.4223260412479,89.071431782808,90.1536632666577,90.1600000731495,90.1851881052357,85.2612662070043,89.9206666759164,89.8063132359785,83.8472109918514,88.8085631563531,82.8308471624061,78.5464826183074,80.0296527236387,88.9963534764598,71.364042228082,77.7050509464405,87.944363577998,70.8100853643917,88.663577032662,87.9691078402748,84.8249323721827,87.595755608757,88.1365139075712,84.8707504963244,84.4676136164152,86.3086282186944
FUE 85,65.1092109565685,65.1085823023428,65.1055528994817,65.0433752994965,64.8549590103875,64.9805706509769,64.6451930903885,64.8757809792969,64.8949403526555,64.7376996250342,63.7600027525592,63.429567958291,64.4433755633415,64.4492629790642,64.4726587030635,59.7641363785124,64.226486030379,64.1197480332959,58.3793008697153,63.181036282826,57.3788616734112,53.1326081271519,54.6065232065071,63.3586684695546,45.9686122206983,52.2951870556842,62.3585649831628,45.4151790558587,63.0436132752167,62.3822212272803,59.3378307100467,62.0246712337256,62.5421087070435,59.3826414742773,58.9880211353277,60.7830126728456
FUE 86,57.6249376925239,57.6242977606053,57.621214035302,57.5579299605392,57.3662574905354,57.4940239250779,57.1530314738147,57.3874322795736,57.4069178242844,57.2470429893997,56.254972430705,55.9203756125962,56.9480414714606,56.9540193300736,56.9777756936804,52.2250519152168,56.7279053465194,56.6196290058289,50.8340852832286,55.6689180852287,49.8302909057018,45.5759681956884,47.0518479566226,55.8486241141033,38.4080469992537,44.7376947186347,54.8378871276878,37.8545021909989,55.5299485148488,54.8617673860896,51.7966457259468,54.5009594575841,55.0232016655897,51.8416676671711,51.4452607504205,53.2498740040128
FUE 87,54.7643841746503,54.7633510271745,54.7583737723122,54.6567047502354,54.354055696476,54.5549338415261,54.0260182767356,54.3871151818566,54.417617631413,54.1695836458481,52.7264837585831,52.2698360173974,53.7184404094564,53.7273085704015,53.7626097350202,47.7890287463339,53.3958448022255,53.2398771908025,46.2537180619604,51.9346538611513,45.1730015201397,40.739307487392,42.2581527788832,52.1735309941244,33.4868534893114,39.8825301896772,50.8678670618442,32.9309293985319,51.7520945785799,50.8977511809227,47.3106051403251,50.4504634519374,51.1008782279795,47.3606285551548,46.9220969496177,48.9587733137893
FUE 88,66.7156182222577,66.7148750713341,66.7112941983853,66.6378976127874,66.4166163246744,66.5639514462937,66.1721709854844,66.4409885432767,66.4634323400851,66.2797308283252,65.1601439482649,64.789389010631,65.9387742877125,65.9455591278162,65.972534976607,60.8438137628079,65.6897801803883,65.5679041159878,59.4034577197397,64.5127123016558,58.3729006686831,54.0549645194198,55.5462364495681,64.7102767906877,46.8564739754616,53.2100320163647,63.6088274605545,46.3020632531143,64.3604779889083,63.6345970672347,60.3984155842637,63.2464017004114,63.8091022859996,60.4451424505333,60.0343353877362,61.9171426302146
FUE 89,68.516720124145,68.5160719324479,68.5129484219274,68.4488541635998,68.2547995239416,68.3841420249738,68.0390455420673,68.2762322811574,68.2959563417868,68.1341561764648,67.1316150583347,66.7939975592714,67.8317407724663,67.8377845814079,67.861803944534,63.0771249080423,67.6092388269366,67.4998425484326,61.6817698263542,66.5404195177481,60.67557841886,56.4155038611963,57.8927823979364,66.7216283115225,49.2447912544267,55.5766238418283,65.7031990612172,48.6911671157693,66.4003300692867,65.7272410369618,62.6472140400732,65.3640825981329,65.8897923531929,62.6923871985163,62.2947013675249,64.1062129643168
FUE 90,81.695941296323,81.6952647283603,81.6920045400583,81.6251281917515,81.4229067258474,81.5576502570212,81.1985077318765,81.4452229218074,81.4657640115333,81.2973743467211,80.2592220672014,79.9114008882623,80.9833064984313,80.9895750297464,81.0144906999013,76.1226264014477,80.7527530732293,80.639552091826,74.7128164381847,79.6506783980124,73.6987559946411,69.4198746780205,70.9017169998284,79.8369487423575,62.240073229142,68.5790176394672,78.7926910428113,61.6861911534332,79.5068219919268,78.8172739726784,75.6877522838735,78.4462615346033,78.9835642350797,75.7334239050549,75.3315246930889,77.165826244832
FUE 91,56.4132285957163,56.4122595113454,56.4075906843931,56.312149779957,56.0272494901953,56.2164775559089,55.7171767254928,56.0584264010117,56.0871798611642,55.8530374718857,54.4773873901564,54.0379869462025,55.425314837249,55.4337445100383,55.4672917404568,49.6586748453022,55.1181043284007,54.9691932901714,48.1403300510639,53.7143973409644,47.0684533026185,42.6548409436285,44.1689428873076,53.9451015875257,35.4115981811836,41.8000936175792,52.6792348352755,34.855931046947,53.5377976550619,52.7083319250365,49.1861865911895,52.2722897572484,52.9059674398554,49.2356192103762,48.8020448434608,50.8108785221978
FUE 92,58.6341260813927,58.6334621013911,58.6302625439147,58.5646201114143,58.3660182652487,58.4983684298178,58.1454466990516,58.387943095053,58.408122198838,58.2426509408987,57.2202277237496,56.8769001303505,57.9337377769414,57.939906970893,57.9644264046276,53.1196230189003,57.7067415746815,57.5952202677821,51.7161098128948,56.6193204584854,50.7054722646964,46.4347573725079,47.9146198087405,56.8033645432322,39.258895385048,45.5947576493029,55.7704519521014,38.7051250412381,56.4771199582227,55.7947976565308,52.6869122987113,55.4272278166856,55.9594478195163,52.732366711334,52.3323030659837,54.1566641490645
FUE 93,70.3211660526609,70.320332863923,70.3172893654726,70.2448640660737,70.1543605752179,70.1244517679383,70.0488226811159,70.1249515368683,70.0897928217182,69.6139395902275,69.6787781743638,67.9448716016121,68.6021253976373,68.8270022923202,68.9736276628727,66.4475437649397,68.4829054033836,69.263998611938,65.114340367989,64.776764442,57.5875610611047,66.5008931583326,57.038761560127,67.6765731531992,64.3956682316325,66.2139052205542,68.2727019379704,59.8856551007614,67.8029915024564,63.1349268927647,67.5548365824752,61.9132584495398,64.9473201074226,67.2851053934476,67.0649607199193,67.2208266835399
FUE 94,61.0467716265339,61.0458677654426,61.0425662377147,60.9640581779225,60.8661064145502,60.8337728509356,60.7520922819418,60.8343129888421,60.7963265280463,60.2845309791627,60.3540215595357,58.5179344338292,59.2089452853535,59.4466646299734,59.6020507171954,56.9610015079672,59.0831963317387,59.9107256973922,55.5899520351195,55.2445403775882,47.977683383772,57.0161286195332,47.4267271450447,58.237324110476,54.8553150972201,56.7198378515842,58.861931399419,50.2884716044225,58.3694446019497,53.5723198987476,58.1102580141442,52.3345227177346,55.4189770471645,57.8292587204132,57.6004421552609,57.7624005536654
FUE 95,59.0847463697512,59.0837801667619,59.0802510409924,58.9963849661192,58.8918915535677,58.8574329221269,58.7704585022909,58.8580084213743,58.8175464775309,58.2745474121676,58.3480495443464,56.4256540524876,57.1447654724479,57.3932810676442,57.556065840747,54.8200659785985,57.0135502962576,57.8802883836914,53.4187441140357,53.0671238117447,45.7398061067959,54.876626778627,45.1871978663499,56.134893905693,52.6714786284542,54.5728452160882,56.7830587588786,48.0603471582547,56.2717086776669,51.3710179837464,56.003450428069,50.1206618250567,53.2446330869077,55.7132282484665,55.4773433304084,55.6442649202724
FUE 96,56.0976722217325,56.0965039713513,56.0922373145928,55.991055801189,55.8655437297405,55.8242857599106,55.7204337450741,55.8249742865805,55.7766091333893,55.1355802411295,55.221522826082,53.0414111976851,53.8422077108723,54.1226630566136,54.3075189254532,51.2991166370138,53.6949403626977,54.6786146777405,49.815603472542,49.4473866188022,41.962869452479,51.3596232059977,41.4060748810754,52.7216479656609,49.0346713877612,51.0352793889209,53.4375331676372,44.3082403667416,52.8718441342736,47.6882340362534,52.5777764449449,46.4052280584608,49.6330984939556,52.261525598778,52.0058346588743,52.1866506355405
FUE 97,64.1313182685206,64.1303311574283,64.1267257036784,64.041064290311,63.9343829371671,63.8992144945782,63.8104738458177,63.8998018013637,63.8585135763373,63.3051528608173,63.3799815490936,61.4294012720497,62.1576077685293,62.4096384742094,62.5748388574478,59.8082481446345,62.024617276547,62.9041553837803,58.3973573312861,58.043785327185,50.6976518867592,59.865264307953,50.1445343349221,61.1353751072411,57.6461258845306,59.5591057287706,61.7911358342256,53.0212049035627,61.2736991544324,56.3402051616512,61.0025261826584,55.0859405608114,58.2222600246523,60.7093489251546,60.4712048573398,60.6397122488988
FUE 98,60.373622241739,60.3729519105965,60.3705030899962,60.3121305867051,60.2389237275101,60.2146670923951,60.1531901722315,60.2150726740656,60.1865186061,59.7958849519481,59.8495588749288,58.3706826541185,58.9413444930879,59.1338999634302,59.2586681797567,57.0323295278176,58.8386860081765,59.5038644941778,55.8043611265186,55.4890124086493,48.5287674860584,57.0808201595371,47.9865628365527,58.1345715284985,55.1311391243096,56.8193407852264,58.6567436320736,50.7883126780329,58.2460415776634,53.9348415414391,58.0268709505439,52.7606951182511,55.6485398020155,57.7870232116615,57.5900708896943,57.7296253093716
FUE 99,56.8442315861332,56.8435839692912,56.841218098668,56.7848095532049,56.7140299639542,56.6905689022395,56.6310891648868,56.6909612168707,56.6633382630753,56.2848649360199,56.3369301590571,54.896011033838,55.4534968104735,55.6412111591111,55.7627289883011,53.5826521279743,55.3533350219832,56.0012665859098,52.3718223353662,52.0601557936321,45.1391509693627,53.6303630551805,44.5981129350809,54.6648753703379,51.7061531848781,53.372988459897,55.1756784811086,47.3919184828607,54.774029440909,50.5207242205324,54.5593578239177,49.3547142512567,52.2178534893184,54.3241851444894,54.1308868440249,54.2678689776887
FUE 100,55.5742518094128,55.5735577849042,55.5710224410432,55.5106023632452,55.4348675027457,55.4097829053928,55.3462288575046,55.4102022916837,55.3806795896169,54.9774343849554,55.0327725762251,53.5149595652004,54.099059535942,54.2965731594021,54.4246766247881,52.1513397061592,53.9938483659482,54.6767213272496,50.9062136784604,50.5871963311114,43.5882377521573,52.2006141368329,43.0448927250812,53.2737953784892,50.2254732969787,51.9350115929924,53.8075309555777,45.8544201927785,53.3876160754986,49.0184023346291,53.16388140063,47.8362257855974,50.7485459145829,52.9193010942953,52.7186569303916,52.8608096093699
FUE 101,67.4276210404658,67.4268834152443,67.4241888563586,67.3600035794269,67.279627026048,67.2530238621091,67.1856637595825,67.2534685607468,67.2221703105883,66.7959095086901,66.854274129941,65.2665004638702,65.8745479184124,66.080949517177,66.2150477178314,63.8584059260806,65.7647718407525,66.4794421207827,62.5834819197017,62.2581348261846,55.1932569811713,63.9090493151958,54.6479941024454,65.016384560106,61.8897851851538,63.6362529684761,65.5706480225231,57.470628610261,65.1343659411637,60.6642545073933,64.9025585248762,59.4683991460263,62.4226265417858,64.6496321508861,64.4424946937388,64.5892156608994
FUE 102,62.9749578446111,62.9739795823499,62.970406432298,62.8855047516552,62.779749023609,62.7448808142883,62.6568871155591,62.745463126997,62.7045243641831,62.1555426834669,62.2298110800402,60.2911138318303,61.0154906138199,61.2660399482213,61.4302219198884,58.6765039983393,60.8832480286548,61.7573897691595,57.2696290691861,56.9168755223925,49.5786216166115,58.7333289273737,49.0257170751976,59.9984617744772,56.5200605469761,58.428168471567,60.6510257765915,51.9009146354128,60.1361509006904,55.2164277881646,59.8662039775282,53.9637999353493,57.0949453911922,59.5742692572202,59.337074775567,59.5049156386364
FUE 103,78.1813119844615,78.180456346566,78.1773308826904,78.1029723746312,78.0100991748603,77.9794183199976,77.9018611464928,77.9799309449009,77.9438715040717,77.456534656387,77.5228632042239,75.7559792934404,76.4241858566437,76.653214505147,76.8026673070738,74.2391713572766,76.3028519700695,77.0989332354985,72.8935055427914,72.5533402634549,65.3383064304955,74.2931043492707,64.7887851152816,75.4836718270589,72.1695544578278,74.0030606521948,76.0890622080908,67.6406441112795,75.6119478724213,70.9014329307921,75.3601974675716,69.6743998034144,72.7251788154268,75.0867873747018,74.86380705113,75.0216655979598
FUE 104,75.8264204818894,75.8255343333318,75.8222974733622,75.7453130520722,75.6492247896109,75.6174973645938,75.5373284332485,75.6180274131743,75.580747514285,75.0779027575406,75.1462379738269,73.3353149338415,74.0180617358572,74.2526243733388,74.4058530121628,71.7928558110698,73.8939149191967,74.7100097740157,70.4309185751734,70.0873860091673,62.8390122980322,71.8475534160064,62.2885658224813,73.0577066161935,69.7001074434769,71.5535087874441,73.6753602069982,65.146796222186,73.1884375537875,68.4224273410425,72.9319380237423,67.1884693935413,70.2608922949213,72.6536780516914,72.426965997285,72.5874462048597
FUE 105,69.9161038484301,69.9153523963852,69.9126073481797,69.8472287839366,69.7653830336287,69.7382996588604,69.6697369519919,69.7387523601191,69.7068929106793,69.2733847896258,69.3326995145554,67.7231832156097,68.3386215503586,68.5477798385238,68.6837415422547,66.3015030290359,68.2274324933429,68.9519855798111,65.0175776148828,64.6903287529019,57.6058579372209,66.35256189068,57.0600307723083,67.4703182137662,64.3199920092451,66.0775841651571,68.0308968529261,59.8865281810971,67.589576431669,63.0889465927578,67.3552930977362,61.8890243436018,64.8557640696825,67.0998132896687,66.8906936712154,67.0388087636472
FUE 106,66.3501472718622,66.3493658897587,66.3465115530462,66.2785511849256,66.1935297509413,66.1654091318547,66.0942504166982,66.1658791156208,66.1328079407293,65.683695920987,65.7450516031605,64.0891780193005,64.7202929521739,64.9353197563015,65.075255147454,62.6388973777731,64.6061004188781,65.3517249953155,61.3361742909866,61.0049693159985,53.8800488176311,62.6908267829126,53.3330649353207,63.8305031699502,60.6305046387891,62.4112812679353,64.4044451756485,56.1674900011924,63.9524583861344,59.3880334784746,63.7129475411024,58.1797136999733,61.1723668718962,63.4520862558856,63.2387959133163,63.3898438093272
FUE 107,55.2092942705913,55.2080975214402,55.2037268488284,55.1001090768677,54.97165455348,54.9294481974684,54.8232493574458,54.9301524756193,54.8806870572173,54.226198431295,54.3138300468306,52.0998237535319,52.9111182247506,53.1957394110263,53.3834942804155,50.3404501287086,52.7617702588815,53.7608023479456,48.846955560579,48.4767487688554,40.9737990730646,50.4014412282828,40.4165237407798,51.7763863645466,48.0619956901447,50.0745778315769,52.5008937943511,43.3220321110551,51.9282742751161,46.7101139375047,51.6309488788478,45.4232806189557,48.6634430770242,51.3114346544868,51.0532752088335,51.2358215739134
FUE 108,61.3530588537262,61.3520257998655,61.3482526315589,61.2586490582449,61.1471705110477,61.1104474203141,61.0178418427405,61.1110605816693,61.0679636174423,60.4920138842599,60.5697249930233,58.5584972692541,59.3061390788281,59.5657155615383,59.7361126192449,56.9043769357631,59.1693448659692,60.0764177076171,55.4734004247951,55.1157484961765,47.7305701715348,56.9623523549572,47.1764029407872,58.2575229929187,54.7138842905269,56.6511898559712,58.9294683995271,50.0603384918031,58.3990558343646,53.3965958685732,58.1216891498902,52.1342210013526,55.2962406472823,57.8222456622979,57.5793200375,57.7511830139887
FUE 109,81.1780366085584,81.1772355349233,81.1743092972191,81.1046512304409,81.0175438769768,80.9887425004719,80.9158811698869,80.9892238247745,80.9553577138605,80.4960416935497,80.558728594214,78.8728712443604,79.5140668557151,79.7328827667109,79.8753886267072,77.4043524264401,79.3979383333455,80.1571918545786,76.0897487923598,75.7560541309037,68.605888073841,77.4568340713596,68.0581878539058,78.6104755793408,75.3789955712616,77.1743929383643,79.1929881519121,70.8975286031514,78.734157025704,74.1293656670855,78.4913018779606,72.9158039414315,75.9246861138678,78.2270046757893,78.0110562394106,78.1639728391318
FUE 110,66.8160755672526,66.815282780063,66.8123867990204,66.7434430566399,66.6572131540832,66.6286980882404,66.5565527240698,66.6291746431913,66.5956428313864,66.1406148109677,66.2027426285393,64.5294537294416,65.1664293940377,65.3836576464978,65.5250860064236,63.0685552607552,65.0511117520884,65.8046523836662,61.7589055871657,61.4262480759846,54.2865791946893,63.1208064400883,53.7391763099847,64.2686142236231,61.0502697034881,62.8395735420422,64.847541157894,56.5764760953705,64.3915738040456,59.8036190079219,64.1501170078079,58.5922369717093,61.5943658663219,63.8872558112555,63.6724178437873,63.8245537985362
FUE 111,78.3803108833577,78.3794370190407,78.3762450090672,78.3003176268774,78.2055230406989,78.1742166108978,78.0950980255322,78.1747396510945,78.1379506204737,77.6413359658688,77.7088657786298,75.9155672676364,76.5925068952765,76.8248562639638,76.9765738196563,74.3833244239813,76.46948443587,77.2775701396658,73.0278489095695,72.6856517410326,65.45046624978,74.4377180260442,64.9003848665441,75.640073134135,72.2997576729303,74.1452637729705,76.2528333261945,67.7560999902621,75.7698251587818,71.0258630649826,75.5152190894063,69.7946444198912,72.8584967155477,75.238891463525,75.0136653657993,75.1731017213801
FUE 112,55.12786306519,55.1266755454256,55.1223385582196,55.0195096095812,54.8920074083025,54.8501079036962,54.744668186729,54.850807085808,54.8016976035187,54.1515582694765,54.2386446030728,52.035553319693,52.8434733337323,53.1267539204005,53.3135753543692,50.2816577587244,52.6947946001598,53.6888817250757,48.7913579274439,48.4217874562235,40.9247224902838,50.3424936480529,40.3676004172359,51.7132956422112,48.0076858125167,50.0164372226945,52.4350335452412,43.2720428876506,51.8646404463696,46.6575434417502,51.5683607562472,45.3719319971829,48.6081676375447,51.2498935245424,50.9925256969675,51.1745171807494
FUE 113,59.4227003640011,59.421642090137,59.4177768594515,59.3260109287685,59.211905115409,59.1743315577942,59.0796137187098,59.1749588589847,59.1308730113104,58.5426267449797,58.6219014346532,56.5781095590391,57.3361110335157,57.5997288713959,57.7729154345191,54.9065780484203,57.197283712585,58.1191359639859,53.4650919961989,53.1053143348818,45.6999453897465,54.9650572395153,45.1452391454058,56.2734489099453,52.7012625280679,54.651268699648,56.9539952240411,48.0329093334061,56.4166830795664,51.3780759486881,56.1360341651143,50.1115073523652,53.2868572452017,55.8332772954974,55.5878282464687,55.761461658878
FUE 114,82.2140957070038,82.2133064157782,82.2104231997829,82.1417808619792,82.0559212906732,82.0275270862812,81.9556840054446,82.028001627834,81.9946109491525,81.5413945911244,81.6032860540962,79.9353209878792,80.5705066911546,80.7870621524998,80.9280341070687,78.4776611021305,80.4555328055413,81.2066535180048,77.1701211678375,76.8379057816544,69.7027202119848,78.5298142167627,69.1554445436487,79.6751421785904,76.4623880404031,78.2490955135551,80.2525472694939,71.9918713426485,79.7977952353732,75.2170086355517,79.5569322825824,74.0065575070606,77.0058043588826,79.294681203793,79.0803152399816,79.2321193644414
FUE 115,71.7936500178652,71.7927852162045,71.7896262945391,71.7144789201656,71.6206394097166,71.5896438925605,71.5113012353521,71.5901617565092,71.5537353062125,71.0617287213015,71.1286621731068,69.348457868358,70.0210727983633,70.2517765624497,70.4023714405442,67.8238478040505,69.8988868788282,70.7010218713251,66.4732161978029,66.13202165854,58.9067670748707,67.8780138264364,58.3569613640903,69.0745407099445,65.7471676546783,67.5867504532099,69.6836529415194,61.2107780879838,69.2035623944234,64.4761197580146,68.9503692440324,63.2469637959317,66.3043700467466,68.6754846635395,68.4513690178348,68.6100252358414
FUE 116,62.7001663089245,62.6993404067229,62.6968796893593,62.6454285508679,62.5806715965038,62.3528354106567,62.506234995673,62.4676037473205,62.3460647339503,61.0722039674954,62.297734671338,61.6895216882308,59.3133952338709,58.8781576250014,59.1271091871733,61.320058543389,57.3366361045481,60.7743031786963,60.9335286063313,48.155468946444,58.7326639755214,60.7766872755708,58.6816894522436,55.9098091333409,60.2237455748769,60.5465732382181,60.0516301926999,59.1281250523266,57.4459396270966,37.0985667627028,60.3891715656479,32.4518267254898,45.107039689628,59.9484524664281,59.7708652225453,59.0039885083628
FUE 117,59.3275203269576,59.3268126885316,59.3247042155293,59.2805790971718,59.2249374781841,59.0282570100901,59.1608353150339,59.1275075811367,59.0223907550828,57.8984658187861,58.9804812038794,58.4479573366232,56.2913117216488,55.8856516450718,56.1180239794814,58.1201149987953,54.4290800823403,57.630336654351,57.7738781944782,45.4286372325062,55.7494439277704,57.6324897194651,55.7016544602564,53.0589984324054,57.130166540579,57.4241543909844,56.972645852161,56.1189703594452,54.5332553590978,34.3951540258957,57.2810581184309,29.7497265528149,42.393008982897,56.8779664477865,56.7145787858034,56.0032135455128
FUE 118,64.049192742567,64.0484342046041,64.0461741245015,63.9988942758388,63.9393231806541,63.7291765381941,63.8707603293805,63.8351410789658,63.7229185532149,62.5334120115775,63.6782267720059,63.1127283527813,60.8586260450095,60.439622968208,60.679480658073,62.7666152770214,58.944451275527,62.2521090797228,62.4025969224612,49.860517269916,60.2992158966194,62.2543645688827,60.2499849262807,57.5483556538749,61.729528020598,62.0363606800711,61.5654890479322,60.6804583769237,59.0509684457328,38.8160780539567,61.8868989154206,34.1700355985683,46.8189042706284,61.4670085368749,61.2972605491075,60.5609201909292
FUE 119,56.2051297149347,56.2044514553119,56.2024304919259,56.1601274193181,56.1067582309875,55.9178899804918,56.0452396373335,56.013240748973,55.9122515558891,54.8269321884819,55.8719610871109,55.3587520122808,53.2605771653339,52.8630875569436,53.0908713169078,55.0417124386261,51.4303821229723,54.5666705237959,54.7060589154373,42.4827564940085,52.7294596661603,54.5687622731038,52.682556698838,50.076579834563,54.0799724491591,54.3662252026527,53.9263910983542,53.0917985127171,51.5330996170245,31.4563283276225,54.2269576247143,26.8112977359914,39.4509784528092,53.8340132839971,53.6744840762837,52.9783580845049
FUE 120,54.2299438257911,54.2292852133711,54.2273227737368,54.1862386767253,54.1343909749581,53.9507634834437,54.0746038038809,54.043496133994,53.9452781334642,52.8860923064924,53.9060758801369,53.4059011436273,51.3477837333814,50.9559644511785,51.1805615041433,53.0961941688807,49.5399261935466,52.6312044642078,52.7677540448749,40.6297457888071,50.8241307251092,52.6332542689324,50.7778447000344,48.1975824858858,52.1537465102241,52.4346880558806,52.0028761970847,51.1814753887708,49.6416211595844,29.6083786418106,52.2980474091977,24.9636331777328,37.6007279914429,51.9120842513284,51.7552168286699,51.0696429360603
FUE 121,95.1477941198953,95.1469576443757,95.1444654366273,95.092359987658,95.026790590031,94.7961914945864,94.9514351316057,94.9123332596887,94.7893409349809,93.5024840439621,94.7404443018979,94.1256204458945,91.731016224321,91.2933649766825,91.5436672764928,93.752575042613,89.7450092075253,93.2020601864785,93.362612444633,80.5497738144902,91.1471172192319,93.2044637905639,91.0958844397139,88.3136968163193,92.6472748711168,92.9725158012065,92.4739448305188,91.5446888144653,89.8547212161118,69.4910943300963,92.8139149062649,64.8442549852617,77.500371792804,92.3700618567138,92.1912995660179,91.4198688509602
FUE 122,59.4813625344661,59.4805092897334,59.4779671390652,59.4248241827722,59.357967096874,59.1229935611773,59.2811560380103,59.2413089398798,59.1160166320149,57.8086802961868,59.0662238934507,58.4409663317925,56.0174149891393,55.5760058104741,55.8284104922202,58.0622842462253,54.0170383067626,57.5042988030969,57.666931565092,44.8000922167375,55.4285850337845,57.5067329831624,55.376950654844,52.5787843871766,56.9428951987311,57.271911962717,56.7676667192799,55.8294408632885,54.1273833866956,33.7386826170041,57.1114340736047,29.0916908090783,41.7491955778447,56.6626821097119,56.482085348238,55.7035569656359
FUE 123,60.488931155205,60.4882319124619,60.486148447147,60.4425439343899,60.3875513890237,60.1931004718702,60.3241868752943,60.2912384254483,60.1872991950245,59.0743495828435,60.1458513425591,59.6188258129859,57.4787186711876,57.0753569139806,57.3064388836753,59.2940510732004,55.6254810164095,58.8084485426044,58.9508142461348,46.6397621755948,56.9398742459784,58.810584253891,56.8923338541033,54.2599513843231,58.3120870779169,58.603889192979,58.1556784698009,57.3073798667569,55.7292480696739,35.6082359564121,58.4618751581001,30.9629185054623,43.6052022144908,58.0616484723728,57.8993489414443,57.1922745741082
FUE 124,57.5086342905742,57.5080076909468,57.5061406110991,57.4670435060609,57.4176779638911,57.2426178185487,57.3607182288002,57.3310670881919,57.2373831175614,56.2213336575245,57.1999634128115,56.7212315307212,54.7300948765191,54.3478915812611,54.5670803119791,56.4236626114543,52.9603155051131,55.9754017245522,56.1072165155066,44.1151751882938,54.2191075381559,55.9773815107126,54.1738709646739,51.6377120933074,55.5134125430835,55.7854519085408,55.3670974845529,54.56797162796,53.0602557848542,33.1027174346424,55.6532106519877,28.4584747613242,41.09101295721,55.2789737507919,55.1265906431659,54.4588667917427
FUE 125,74.6680220951015,74.6672596895463,74.6649880898943,74.6174686337781,74.5575993495695,74.3464330228702,74.4886983497454,74.452905533012,74.3401454262318,73.1457217048912,74.2952434132815,73.7272643593927,71.4659477002961,71.0459703501891,71.2863742069012,73.379785491243,69.5479981842173,72.8634406183145,73.0144438280822,60.4580973241819,70.905257315859,72.8657037001918,70.855921391538,68.1500302247435,72.3392028469712,72.646983926018,72.174683735894,71.2873542145088,69.6546845012694,49.4128841964951,72.4970517773169,44.766798361848,57.4160613144881,72.0759235913166,71.9057082848727,71.1675399933912
FUE 126,69.7487239487321,69.7479874910867,69.7457931775691,69.699881544004,69.6420138862243,69.4376982407815,69.5753836959251,69.5407568425056,69.4316097256246,68.2703528466627,69.3881213403885,68.8368520744671,66.6244456433296,66.2111096001534,66.4477893463045,68.4985967401737,64.7322757680106,67.9946953181324,68.1422076557257,55.6833940340554,66.0724840046397,67.9969069528812,66.0238643289004,63.3471435852932,67.4816956269956,67.7830401981787,67.320438108817,66.4487537534538,64.8378040961819,44.6435255049256,67.6362993231743,39.9977394119801,52.6442786176123,67.2235784851632,67.0565408803795,66.3308213677996
FUE 127,61.4251953090547,61.4242214348452,61.421320041969,61.3607218830287,61.284632105309,61.0184600070986,61.1974112923922,61.1522456835939,61.0105855961781,59.5605337199155,60.9544347428891,60.2559191065831,57.6362338925363,57.1700930674703,57.4363139196913,59.8382403231269,55.5421519513051,59.2291809718946,59.4059684016504,46.1879192908512,57.0149855469159,59.2318227923738,56.9607231040079,54.0594547828071,58.6230988655976,58.9775407037439,58.4351513121278,57.4374024459478,55.6565765605254,35.1095966918964,58.804402458997,30.4616626305355,43.1277540593475,58.3228055978474,58.1299826922655,57.3045202819948
FUE 128,63.3233243512725,63.3225623179414,63.3202918269497,63.2727954304465,63.2129548420844,63.0018866299633,63.1440863814071,63.1083102656154,62.995601882264,61.8016509995697,62.9507200952142,62.3829796305305,60.1223561532359,59.7024723351942,59.9428237612005,62.0356320726949,58.2047689143127,61.5194639151878,61.6704175997652,49.1154401362302,59.5617886699478,61.5217262674668,59.5124628196327,56.8069805448124,60.9953853128235,61.3030752789744,60.8309123208891,59.9438035490803,58.3114390037736,38.0703011565489,61.1531883214381,33.4242194776882,46.0734446563831,60.732179034064,60.5620086083398,59.8240158274294
FUE 129,75.9214647244097,75.9206792853048,75.9183390815108,75.8693929412081,75.8077489273063,75.5905201462105,75.7368363954097,75.7000115135085,75.5840566433624,74.3605376232664,75.5379060011848,74.9552253080885,72.6514801655239,72.2258099990465,72.4694041092572,74.599676749154,70.7115227812182,74.0724958071453,74.2265330975025,61.5870979071349,72.0833109830715,74.074803571049,72.0333626140169,69.3026868480177,73.5385213683954,73.8518732802105,73.3711852027256,72.4703974916602,70.8191924820163,50.5374304492757,73.6991771415167,45.8910950993946,58.542626552202,73.270785385236,73.0978315023644,72.3489705535504
FUE 130,59.7442345744526,59.7435828807523,59.7416410503807,59.7009863035811,59.6496747317892,59.4678958853051,59.5904979754596,59.5597046338766,59.4624645768191,58.4125428491923,59.4236465815747,58.9280845240281,56.8842609404,56.4944795215216,56.717930856015,58.6209807113722,55.0844522893254,58.1595693598293,58.2951072514735,46.1878916951831,56.3632913555722,58.1616042099085,56.317227396885,53.7462593798823,57.6854105991318,57.9644546093527,57.5355100735568,56.7188399572627,55.1857775754791,35.1683776976491,57.8287520928427,30.5237367240701,43.1598842265437,57.4452858030693,57.2893718222338,56.6075854755798
FUE 131,72.1255346510584,72.124784614816,72.1225498570687,72.0757967639229,72.0168813404298,71.8089779151447,71.9490621999695,71.9138247565494,71.8027850984433,70.6241198766502,71.7585560286092,71.1985228037618,68.9603717743531,68.5435293963488,68.782175630253,70.8554230376037,67.0545771622638,70.3449782625318,70.4943271623658,57.983937918433,68.4038011968658,70.347216968906,68.3548031345651,65.6626469554216,69.8260614201118,70.1307958727109,69.6630852283144,68.7831482734296,67.1607183143105,46.9412273835941,69.98237456377,42.2952818536356,54.9432696710423,69.5652238568709,69.3965108505228,68.6642223002814
FUE 132,57.249941550964,57.2488220590686,57.2454870603923,57.1759082938237,57.0887436768933,56.7855277530226,56.9890979771363,56.9376094403307,56.7765962875189,55.1642919816116,56.7129704419767,55.9300126054076,53.0985061902721,52.607027225767,52.8873670365843,55.4686105975684,50.9099356645979,54.8035249007439,54.9957015126052,41.4243608964089,52.4441036880746,54.8063917158873,52.387175373789,49.3838255853285,54.1495458020523,54.5311189721189,53.9481480664457,52.8885151847804,51.0283894969693,30.330409105723,54.344429703621,25.6816077510597,38.3556161178985,53.8280550268119,53.6224238310569,52.7484698400192
FUE 133,66.711078309042,66.7103439000087,66.7081556883829,66.6623710221348,66.6046615006585,66.4008876813785,66.5382108084228,66.5036761589193,66.3948149255387,65.2361944545294,66.3514384656898,65.8014951976334,63.5930018267978,63.1802008013187,63.4165804276082,65.4639741552231,61.7029136905877,64.9610660367937,65.1082994038536,52.6573719671889,63.0417435506874,64.9632735584239,62.9931816581264,60.3188230049378,64.4489660752499,64.7497950268715,64.2879701539575,63.4175435781274,61.8083482228975,41.6179411435772,64.6033096971322,36.9721796157807,49.6184956657674,64.1912630599552,64.0244806483418,63.2997628111094
FUE 134,66.0569740127129,66.0562593612427,66.0541299990784,66.0095700639823,65.9533864640039,65.7548454369489,65.8886685388635,65.8550242675954,65.7489249839751,64.6158668768998,65.7066303749382,65.1695266451215,62.9991690526983,62.5916109917314,62.8250487016487,64.8391337524601,61.1295204917905,64.3458887235627,64.490405804843,52.1169956977174,62.4548048989234,64.3480561828894,62.406809913997,59.7556956663957,63.8425620519143,64.1383607917728,63.6841206403942,62.825999538703,61.2340318048444,41.0819122679053,63.9943676731917,36.4363948689396,49.0804937490994,63.5889037726907,63.4246158789041,62.7097047299016
FUE 135,96.4491148007542,96.4482824725329,96.4458026165965,96.3939538025408,96.328703030268,96.0991872262311,96.2537078872897,96.2147905450015,96.0923679811649,94.8106009810088,96.0436934367969,95.4314596605317,93.0440821463074,92.6073734974457,92.8571483327884,95.0598167518213,91.06168497697,94.5111642014404,94.6711974189108,81.8719320357845,92.4614201764568,94.5135601752307,92.4102882242132,89.6321217502887,93.958032073884,94.2823294496174,93.7851768273472,92.8581676553082,91.1712376348417,70.8139444021057,94.1241974741655,66.1671437096979,78.8229087041874,93.6815694884473,93.5032663857558,92.7336145805616
FUE 136,54.4277961926202,54.4270723838635,54.424915745866,54.3797881214434,54.3228971037456,54.1219291398744,54.2573757055356,54.2233185046789,54.1159380262862,52.9710014871737,54.0731414564685,53.5300752761331,51.3419524327242,50.9319454618544,51.1667574906784,53.1963681228203,49.4627479512817,52.6986255557999,52.8444074315215,40.434736469552,50.7943678118256,52.7008116725601,50.7461078848227,48.0841145904089,52.1912108561855,52.4893540277272,52.0315783087345,51.1677140789365,49.5676914046984,29.3976092240432,52.3441995450688,24.7519770220211,37.3971184142139,51.9356663944605,51.7702147643386,51.0507251664542
FUE 137,59.4844786037261,59.4836144145493,59.4810396689972,59.4272197311576,59.359522790286,59.1216992309858,59.2817628561362,59.2414301640024,59.1146400402967,57.7940244300153,59.0642640862577,58.4322305137308,55.9900196504414,55.5462030352403,55.7999541409271,58.0498989209068,53.980455766649,57.4870885998114,57.6510636830615,44.7497230572286,55.3980314888924,57.4895424995496,55.3461401499429,52.5377816090112,56.9214219644732,57.2528695433656,56.7449726153099,55.800990171212,54.0912045506377,33.6865877503677,57.0911828444593,29.0394996226394,41.6978814508094,56.6392799551645,56.4575047850286,55.6744247645955
FUE 138,109.284060384168,109.283232805631,109.280767095639,109.229212212906,109.164326423241,108.936051950051,109.08974408774,109.051038186468,108.929268597828,107.653343041848,108.880848628327,108.27158586166,105.892518064749,105.456895468646,105.706062502262,107.901553304913,103.914282876062,107.355040791929,107.514477364253,94.7308652103645,105.311281498369,107.357427993469,105.260265765288,102.48673903328,106.803810050919,107.127022022624,106.63150116865,105.707079272232,104.023651653018,83.6736782744138,106.969429398503,79.0269223236324,91.6822801130613,106.528211072662,106.350436570118,105.582833715444
