CSV_File,Optimal_Gain
Te_3648_1.csv,20.13920662764392
Te_3648_2.csv,24.58053338387626
Te_3648_3.csv,19.12535044665471
Te_3648_4.csv,23.94836308051729
Te_3648_5.csv,24.19532600108528
Te_3648_6.csv,21.269147248838642
Te_3648_7.csv,24.152052154183856
Te_3648_8.csv,22.897487104956056
Te_3648_9.csv,21.96102136748989
Te_3648_10.csv,19.376605411876344
Te_3648_11.csv,21.914908639933635
Te_3648_12.csv,23.44231497633221
Te_3648_13.csv,21.84316977253928
Te_3648_14.csv,20.54971585876163
Te_3648_15.csv,23.660542199657566
Te_3648_16.csv,20.815869885207682
Te_3648_17.csv,24.35729944661401
Te_3648_18.csv,23.690281443035044
Te_3648_19.csv,22.702035410436977
Te_3648_20.csv,24.284479829985678
Te_3648_21.csv,22.301133483592064
Te_3648_22.csv,21.529795732216634
Te_3648_23.csv,24.16541669710564
Te_3648_24.csv,22.288899096533605
Te_3648_25.csv,21.513408583947168
Te_3648_26.csv,22.153284422379308
Te_3648_27.csv,21.816423640361762
Te_3648_28.csv,23.859137191530145
Te_3648_29.csv,21.83312791123891
Te_3648_30.csv,22.3686932055855
Te_3648_31.csv,22.21295819268088
Te_3648_32.csv,22.100276990204026
Te_3648_33.csv,20.195809446846056
Te_3648_34.csv,21.49549449711884
Te_3648_35.csv,23.824475157946527
Te_3648_36.csv,23.999259010312418
Te_3648_37.csv,21.571220575718396
Te_3648_38.csv,23.646148986749516
Te_3648_39.csv,22.48660920446645
Te_3648_40.csv,20.828941144119838
Te_3648_41.csv,22.873337749560022
Te_3648_42.csv,21.638906087363356
Te_3648_43.csv,22.59798713207281
Te_3648_44.csv,24.725660172377843
Te_3648_45.csv,24.047869365193304
Te_3648_46.csv,20.85859251978409
Te_3648_47.csv,24.988139946798597
Te_3648_48.csv,20.27286729805021
Te_3648_49.csv,23.504138176158683
Te_3648_50.csv,20.5007724412683
Te_3648_51.csv,21.267131750728876
Te_3648_52.csv,20.748431935266545
Te_3648_53.csv,20.920276825350623
Te_3648_54.csv,20.684479723196286
Te_3648_55.csv,21.366991014656627
Te_3648_56.csv,19.892842451642434
Te_3648_57.csv,20.923703675104186
Te_3648_58.csv,23.99895055015159
Te_3648_59.csv,23.787102023319076
Te_3648_60.csv,25.038140431671327
Te_3648_61.csv,23.073957095999
Te_3648_62.csv,23.213560251650534
Te_3648_63.csv,19.49824424008815
Te_3648_64.csv,22.190262560534524
Te_3648_65.csv,22.681452784677763
Te_3648_66.csv,23.80635691624752
Te_3648_67.csv,19.419353363489346
Te_3648_68.csv,20.97280520664488
Te_3648_69.csv,21.85941890908797
Te_3648_70.csv,25.638817565506347
Te_3648_71.csv,18.37207678326034
Te_3648_72.csv,23.495144417739628
Te_3648_73.csv,23.773100561801517
Te_3648_74.csv,24.745998455805207
Te_3648_75.csv,22.160251957482032
Te_3648_76.csv,22.502436659958995
Te_3648_77.csv,20.230367653281874
Te_3648_78.csv,22.481676158890615
Te_3648_79.csv,20.291713570942836
Te_3648_80.csv,25.21315669275958
Te_3648_81.csv,21.74954696245697
Te_3648_82.csv,24.234422675876814
Te_3648_83.csv,22.099354877039854
Te_3648_84.csv,21.127563934129903
Te_3648_85.csv,22.46396375317523
Te_3648_86.csv,22.537700928571674
Te_3648_87.csv,20.087177989116853
Te_3648_88.csv,21.76759704765738
Te_3648_89.csv,22.451894064660678
Te_3648_90.csv,22.45680797253804
Te_3648_91.csv,22.77035335197592
Te_3648_92.csv,18.39815077593586
Te_3648_93.csv,21.23049623712665
Te_3648_94.csv,25.39883696827227
Te_3648_95.csv,20.625500373177363
Te_3648_96.csv,20.520553853788584
Te_3648_97.csv,20.016548755074176
Te_3648_98.csv,23.175476397818308
Te_3648_99.csv,24.778936138510744
Te_3648_100.csv,22.86143131724766
Te_3648_101.csv,19.339190166693403
Te_3648_102.csv,24.36208416817252
Te_3648_103.csv,22.828946745893518
Te_3648_104.csv,21.176628495460424
Te_3648_105.csv,22.437551053381632
Te_3648_106.csv,20.68939018224908
Te_3648_107.csv,23.384509978134354
Te_3648_108.csv,21.943430997822983
Te_3648_109.csv,20.55644574185121
Te_3648_110.csv,20.740632424821765
Te_3648_111.csv,19.878362155383932
Te_3648_112.csv,23.13500349405119
Te_3648_113.csv,20.50816402795397
Te_3648_114.csv,22.444110576030372
Te_3648_115.csv,21.821741293730913
Te_3648_116.csv,25.99741248478204
Te_3648_117.csv,22.053604404691864
Te_3648_118.csv,22.7519584098668
Te_3648_119.csv,20.9247180773139
Te_3648_120.csv,20.785810031812183
Te_3648_121.csv,20.87935462478256
Te_3648_122.csv,21.747479953158393
Te_3648_123.csv,25.259708087897657
Te_3648_124.csv,24.508311631875518
Te_3648_125.csv,21.254644973963714
Te_3648_126.csv,23.329700106957628
Te_3648_127.csv,22.556369753643907
Te_3648_128.csv,23.43811130599777
Te_3648_129.csv,22.362618677711147
Te_3648_130.csv,22.439388619775663
Te_3648_131.csv,21.737840980276182
Te_3648_132.csv,22.955943417488037
Te_3648_133.csv,16.98391524392793
Te_3648_134.csv,23.908278489865918
Te_3648_135.csv,21.966803201408574
Te_3648_136.csv,22.142557533049747
Te_3648_137.csv,20.013631089815977
Te_3648_138.csv,20.108428725800263
Te_3648_139.csv,22.0818369581077
Te_3648_140.csv,22.23213555382041
Te_3648_141.csv,19.424468795095333
Te_3648_142.csv,18.865941910980595
Te_3648_143.csv,21.357682164899455
Te_3648_144.csv,23.314780586457655
Te_3648_145.csv,23.082802061114457
Te_3648_146.csv,22.682209990517727
Te_3648_147.csv,21.852160522606155
Te_3648_148.csv,24.730564990703332
Te_3648_149.csv,24.80236278115809
Te_3648_150.csv,21.21640991936838
Te_3648_151.csv,21.18975794623037
Te_3648_152.csv,21.497851805793577
Te_3648_153.csv,21.13763408230186
Te_3648_154.csv,20.415789648351403
Te_3648_155.csv,21.13214535795387
Te_3648_156.csv,22.07779851727307
Te_3648_157.csv,20.603906224436216
Te_3648_158.csv,24.61179631744691
Te_3648_159.csv,20.95156206448318
Te_3648_160.csv,21.2782428367494
Te_3648_161.csv,22.61724645333498
Te_3648_162.csv,23.260512037565647
Te_3648_163.csv,22.748791838193107
Te_3648_164.csv,19.52271634678369
Te_3648_165.csv,21.37591922213333
Te_3648_166.csv,21.396616436604646
Te_3648_167.csv,26.0105045317345
Te_3648_168.csv,23.21628824031195
Te_3648_169.csv,23.31904131339101
Te_3648_170.csv,19.57144378879569
Te_3648_171.csv,20.55360446395188
Te_3648_172.csv,22.633144585486114
Te_3648_173.csv,26.73930225093875
Te_3648_174.csv,21.014363692086143
Te_3648_175.csv,23.064251944125814
Te_3648_176.csv,21.681277088620245
Te_3648_177.csv,23.815534288456924
Te_3648_178.csv,23.88404169619975
Te_3648_179.csv,20.744182616508102
Te_3648_180.csv,22.11419738637733
Te_3648_181.csv,21.57481260016141
Te_3648_182.csv,20.188799368702202
Te_3648_183.csv,20.04834722366246
Te_3648_184.csv,23.195731869472244
Te_3648_185.csv,23.33725342211382
Te_3648_186.csv,18.442597513799708
Te_3648_187.csv,20.874160544333805
Te_3648_188.csv,22.593859780022413
Te_3648_189.csv,21.765240600371012
Te_3648_190.csv,25.171547004366587
Te_3648_191.csv,22.20625628506938
Te_3648_192.csv,21.515737971898414
Te_3648_193.csv,23.95130815931566
Te_3648_194.csv,22.61399533005349
Te_3648_195.csv,24.466784397242726
Te_3648_196.csv,24.109380210753496
Te_3648_197.csv,23.543465640828707
Te_3648_198.csv,27.23054151971506
Te_3648_199.csv,23.562107901575892
Te_3648_200.csv,22.550389583346792
Te_3648_201.csv,22.742891777284413
Te_3648_202.csv,21.260027453485883
Te_3648_203.csv,24.203439712405267
Te_3648_204.csv,22.950517433349294
Te_3648_205.csv,22.65082199810867
Te_3648_206.csv,24.851227214607068
Te_3648_207.csv,22.930865033335802
Te_3648_208.csv,25.49029191009802
Te_3648_209.csv,21.518077687763594
Te_3648_210.csv,24.16506241938721
Te_3648_211.csv,22.384066877542868
Te_3648_212.csv,23.70994973907422
Te_3648_213.csv,21.640646348765966
Te_3648_214.csv,19.143330079539776
Te_3648_215.csv,22.187976975453076
Te_3648_216.csv,24.351243414261695
Te_3648_217.csv,23.8875948319188
Te_3648_218.csv,21.961210795585725
Te_3648_219.csv,23.984028730905667
Te_3648_220.csv,23.344704493761824
Te_3648_221.csv,20.827022674098277
Te_3648_222.csv,23.734585122535314
Te_3648_223.csv,19.85182266218981
Te_3648_224.csv,24.878264469716207
Te_3648_225.csv,21.595760909323396
Te_3648_226.csv,21.653957063933316
Te_3648_227.csv,22.23556482093258
Te_3648_228.csv,25.56502790152855
Te_3648_229.csv,22.242168918991535
Te_3648_230.csv,23.3692905238219
Te_3648_231.csv,23.046920542744484
Te_3648_232.csv,22.628907423052464
Te_3648_233.csv,24.416243522871188
Te_3648_234.csv,23.27037398084119
Te_3648_235.csv,21.085265757297545
Te_3648_236.csv,19.39089169569145
Te_3648_237.csv,24.25096970108129
Te_3648_238.csv,22.85926420309261
Te_3648_239.csv,22.725576693989403
Te_3648_240.csv,22.689531665477986
Te_3648_241.csv,17.613963054910965
Te_3648_242.csv,21.228250564584183
Te_3648_243.csv,21.395863149518217
Te_3648_244.csv,21.30659990837133
Te_3648_245.csv,19.950065331154697
Te_3648_246.csv,24.12106308495737
Te_3648_247.csv,18.733812922291037
Te_3648_248.csv,24.75125952606697
Te_3648_249.csv,23.889794810874243
Te_3648_250.csv,23.339893630964475
Te_3648_251.csv,23.67800558986486
Te_3648_252.csv,24.465028089217178
Te_3648_253.csv,19.56364837280872
Te_3648_254.csv,18.929339379046215
Te_3648_255.csv,21.780278266038437
Te_3648_256.csv,21.197763690068072
Te_3648_257.csv,20.753358615115722
Te_3648_258.csv,20.080838514032084
Te_3648_259.csv,20.120470926474916
Te_3648_260.csv,20.32164385166166
Te_3648_261.csv,23.71735793965308
Te_3648_262.csv,23.46729937551559
Te_3648_263.csv,21.909899731285186
Te_3648_264.csv,21.923160824127784
Te_3648_265.csv,25.65851152576338
Te_3648_266.csv,22.87565414172107
Te_3648_267.csv,22.338571033088222
Te_3648_268.csv,22.497125740657204
Te_3648_269.csv,23.167766976512727
Te_3648_270.csv,20.052565986899587
Te_3648_271.csv,22.219400719762525
Te_3648_272.csv,22.143577903754384
Te_3648_273.csv,24.831502631971926
Te_3648_274.csv,26.007719156442743
Te_3648_275.csv,21.53098742328402
Te_3648_276.csv,21.287260470755783
Te_3648_277.csv,22.830611837713555
Te_3648_278.csv,22.352608047892044
Te_3648_279.csv,21.244644149119313
Te_3648_280.csv,24.151426020926163
Te_3648_281.csv,22.270575149205754
Te_3648_282.csv,20.842360107583897
Te_3648_283.csv,20.497855829558024
Te_3648_284.csv,24.814830226248038
Te_3648_285.csv,23.234184330308437
Te_3648_286.csv,22.170143961602903
Te_3648_287.csv,23.076890431608113
Te_3648_288.csv,24.794227129458292
Te_3648_289.csv,20.004085752155014
Te_3648_290.csv,22.618144433599277
Te_3648_291.csv,21.32831420153417
Te_3648_292.csv,19.301150767984115
Te_3648_293.csv,19.990794354756773
Te_3648_294.csv,22.076160383254756
Te_3648_295.csv,21.93557727646985
Te_3648_296.csv,22.895021446689057
Te_3648_297.csv,20.3483609180331
Te_3648_298.csv,22.023202670252193
Te_3648_299.csv,19.045214043094305
Te_3648_300.csv,25.754400375289823
Te_3648_301.csv,25.38991220112889
Te_3648_302.csv,20.266802175165598
Te_3648_303.csv,19.966509242169323
Te_3648_304.csv,22.341999271445665
Te_3648_305.csv,22.800368961800153
Te_3648_306.csv,24.137131118967503
Te_3648_307.csv,23.6817386945441
Te_3648_308.csv,22.018777797729193
Te_3648_309.csv,21.16573960447335
Te_3648_310.csv,22.59834356555027
Te_3648_311.csv,24.680699248470763
Te_3648_312.csv,22.328637336278753
Te_3648_313.csv,21.848569389959675
Te_3648_314.csv,20.38899526301913
Te_3648_315.csv,22.386091139388558
Te_3648_316.csv,23.660788111326177
Te_3648_317.csv,22.58261622967495
Te_3648_318.csv,21.536915973434375
Te_3648_319.csv,19.02285742796356
Te_3648_320.csv,23.613738861163192
Te_3648_321.csv,22.9008404864205
Te_3648_322.csv,19.38266082688778
Te_3648_323.csv,19.98406338247914
Te_3648_324.csv,22.766264264444214
Te_3648_325.csv,21.031452678101235
Te_3648_326.csv,22.63031089588077
Te_3648_327.csv,22.33007549466615
Te_3648_328.csv,21.18724493060797
Te_3648_329.csv,20.68370620994164
Te_3648_330.csv,23.105559010005294
Te_3648_331.csv,23.05222201690934
Te_3648_332.csv,20.43885653921787
Te_3648_333.csv,20.109637825775927
Te_3648_334.csv,20.27799377426153
Te_3648_335.csv,23.357980376216876
Te_3648_336.csv,22.998583789849608
Te_3648_337.csv,23.458874914572437
Te_3648_338.csv,22.98712477769801
Te_3648_339.csv,20.918778431756554
Te_3648_340.csv,20.244827877233234
Te_3648_341.csv,22.29972488860108
Te_3648_342.csv,21.755414307374863
Te_3648_343.csv,25.84794060597722
Te_3648_344.csv,21.20687292401699
Te_3648_345.csv,21.584682952523934
Te_3648_346.csv,21.189338156476328
Te_3648_347.csv,17.895306190383664
Te_3648_348.csv,21.09585404023227
Te_3648_349.csv,22.333284212423553
Te_3648_350.csv,19.761807222691658
Te_3648_351.csv,21.766396056960726
Te_3648_352.csv,23.848839093176878
Te_3648_353.csv,24.37517878952928
Te_3648_354.csv,20.19494751798564
Te_3648_355.csv,23.220788468399096
Te_3648_356.csv,23.878691715120947
Te_3648_357.csv,19.32190557653071
Te_3648_358.csv,23.655350567251677
Te_3648_359.csv,22.678723304622416
Te_3648_360.csv,23.10452746517849
Te_3648_361.csv,23.88462550754529
Te_3648_362.csv,19.589578370741147
Te_3648_363.csv,24.624907760223085
Te_3648_364.csv,22.833536852027088
Te_3648_365.csv,20.432675618851704
Te_3648_366.csv,20.245148070056633
Te_3648_367.csv,20.764439830221097
Te_3648_368.csv,21.16388787755044
Te_3648_369.csv,27.47462281322185
Te_3648_370.csv,19.897055868646344
Te_3648_371.csv,23.103214937271474
Te_3648_372.csv,23.122113162024235
Te_3648_373.csv,21.23982298629278
Te_3648_374.csv,20.13896058178145
Te_3648_375.csv,24.175373597660727
Te_3648_376.csv,26.48810315724279
Te_3648_377.csv,18.88944276440044
Te_3648_378.csv,23.16927914176785
Te_3648_379.csv,24.01304199966729
Te_3648_380.csv,21.391028539513908
Te_3648_381.csv,23.12560880746218
Te_3648_382.csv,21.957300520360967
Te_3648_383.csv,20.386112289528896
Te_3648_384.csv,21.802296252243007
Te_3648_385.csv,24.259523404685044
Te_3648_386.csv,21.93537202765381
Te_3648_387.csv,22.969464217242603
Te_3648_388.csv,23.33669170617046
Te_3648_389.csv,22.644913557853922
Te_3648_390.csv,21.01691003478104
Te_3648_391.csv,19.213944713827733
Te_3648_392.csv,22.096312679574815
Te_3648_393.csv,21.530481381442975
Te_3648_394.csv,22.781096984902693
Te_3648_395.csv,21.12169199291101
Te_3648_396.csv,24.680713972692786
Te_3648_397.csv,21.469354184141668
Te_3648_398.csv,23.513973660663186
Te_3648_399.csv,20.72595722392472
Te_3648_400.csv,24.099035936562053
Te_3648_401.csv,23.7232276094287
Te_3648_402.csv,20.60283505996519
Te_3648_403.csv,21.03862403521182
Te_3648_404.csv,19.26106906784884
Te_3648_405.csv,20.204327637324482
Te_3648_406.csv,24.26649928378269
Te_3648_407.csv,22.568814635602298
Te_3648_408.csv,21.979642020936044
Te_3648_409.csv,23.416193821289074
Te_3648_410.csv,24.139854504704047
Te_3648_411.csv,23.257084772887076
Te_3648_412.csv,20.92802518646717
Te_3648_413.csv,23.632151013675287
Te_3648_414.csv,20.7206888533991
Te_3648_415.csv,23.694766453957612
Te_3648_416.csv,20.29588873564157
Te_3648_417.csv,21.148742637981293
Te_3648_418.csv,22.84424828757042
Te_3648_419.csv,25.30167192637249
Te_3648_420.csv,22.283390495653443
Te_3648_421.csv,20.304626826570146
Te_3648_422.csv,21.987895166736028
Te_3648_423.csv,22.430078991438194
Te_3648_424.csv,24.02430549873036
Te_3648_425.csv,20.32353039083624
Te_3648_426.csv,23.419667970940566
Te_3648_427.csv,24.53338458990202
Te_3648_428.csv,21.328571833871738
Te_3648_429.csv,25.377451175823115
Te_3648_430.csv,19.099965297188877
Te_3648_431.csv,20.813282981739164
Te_3648_432.csv,22.473605915864077
Te_3648_433.csv,21.987874476399252
Te_3648_434.csv,20.171385294753055
Te_3648_435.csv,21.1682441916361
Te_3648_436.csv,21.933353479931593
Te_3648_437.csv,23.300286931032815
Te_3648_438.csv,24.73603506261281
Te_3648_439.csv,21.28351851236525
Te_3648_440.csv,24.063881154589755
Te_3648_441.csv,22.559012965930314
Te_3648_442.csv,22.220231331353833
Te_3648_443.csv,22.756078187811983
Te_3648_444.csv,25.590263016998712
Te_3648_445.csv,22.165088860732
Te_3648_446.csv,21.51865492710959
Te_3648_447.csv,23.784520358557618
Te_3648_448.csv,23.187862545599355
Te_3648_449.csv,23.182733548711965
Te_3648_450.csv,22.720583797204366
Te_3648_451.csv,20.43018835407174
Te_3648_452.csv,24.980875024414708
Te_3648_453.csv,20.285193788716818
Te_3648_454.csv,18.46856575961455
Te_3648_455.csv,19.263986867331592
Te_3648_456.csv,24.490391398083666
Te_3648_457.csv,22.517078732455175
Te_3648_458.csv,19.796216536364906
Te_3648_459.csv,23.683230600161792
Te_3648_460.csv,24.11732772687085
Te_3648_461.csv,23.71011612288624
Te_3648_462.csv,20.263129648422577
Te_3648_463.csv,23.787298045031125
Te_3648_464.csv,20.39903580450323
Te_3648_465.csv,20.273177767353683
Te_3648_466.csv,22.419766909120177
Te_3648_467.csv,22.2134196693572
Te_3648_468.csv,24.874814428982592
Te_3648_469.csv,20.553004331186
Te_3648_470.csv,25.693196264255928
Te_3648_471.csv,22.574123018393514
Te_3648_472.csv,22.03886294720242
Te_3648_473.csv,19.94263365444687
Te_3648_474.csv,24.30293892293381
Te_3648_475.csv,22.551537976344832
Te_3648_476.csv,22.679392941710738
Te_3648_477.csv,23.728160586816852
Te_3648_478.csv,23.188146201129527
Te_3648_479.csv,21.472707168025728
Te_3648_480.csv,23.321225487678454
Te_3648_481.csv,22.519792780319527
Te_3648_482.csv,21.350665643280706
Te_3648_483.csv,25.570462015542425
Te_3648_484.csv,23.824660023305633
Te_3648_485.csv,20.496430856466226
Te_3648_486.csv,23.846937258876046
Te_3648_487.csv,17.08560114392934
Te_3648_488.csv,23.561461019948975
Te_3648_489.csv,24.51536044662805
Te_3648_490.csv,22.10868435691327
Te_3648_491.csv,26.05957796229182
Te_3648_492.csv,21.69797596718276
Te_3648_493.csv,18.717691502942696
Te_3648_494.csv,21.032082077365757
Te_3648_495.csv,20.347110465622745
Te_3648_496.csv,22.028539508390068
Te_3648_497.csv,22.996561617888286
Te_3648_498.csv,20.570748188895152
Te_3648_499.csv,21.04153226886436
Te_3648_500.csv,24.210382975005118
Te_3654_1.csv,23.4256968455903
Te_3654_2.csv,23.47983893899331
Te_3654_3.csv,26.29565935534796
Te_3654_4.csv,24.514342245448375
Te_3654_5.csv,24.400926718543346
Te_3654_6.csv,23.93555716027891
Te_3654_7.csv,23.09903026964788
Te_3654_8.csv,23.134193134107072
Te_3654_9.csv,23.108908106891402
Te_3654_10.csv,21.869603919255844
Te_3654_11.csv,22.825036199103035
Te_3654_12.csv,25.016593395883035
Te_3654_13.csv,20.44047719016913
Te_3654_14.csv,24.447431686141805
Te_3654_15.csv,21.326831249393866
Te_3654_16.csv,21.171308623989653
Te_3654_17.csv,24.194561226924684
Te_3654_18.csv,24.194005845709714
Te_3654_19.csv,25.39034138364954
Te_3654_20.csv,21.512379269316693
Te_3654_21.csv,23.89509577845752
Te_3654_22.csv,22.263155077640324
Te_3654_23.csv,24.388946382954437
Te_3654_24.csv,20.613060687751595
Te_3654_25.csv,25.04188067001863
Te_3654_26.csv,21.363127367483923
Te_3654_27.csv,24.04112795769136
Te_3654_28.csv,22.374671591178547
Te_3654_29.csv,25.24790027822492
Te_3654_30.csv,22.519305892068036
Te_3654_31.csv,25.38416552118298
Te_3654_32.csv,24.471109484704993
Te_3654_33.csv,23.40037163124755
Te_3654_34.csv,22.42936449394141
Te_3654_35.csv,24.782279437048416
Te_3654_36.csv,22.241877217570874
Te_3654_37.csv,23.846938286005397
Te_3654_38.csv,24.860371311738767
Te_3654_39.csv,23.815639245182304
Te_3654_40.csv,23.170430889090213
Te_3654_41.csv,23.927471819093988
Te_3654_42.csv,22.668113904370035
Te_3654_43.csv,23.064278388250468
Te_3654_44.csv,24.974785037758338
Te_3654_45.csv,24.843089011327656
Te_3654_46.csv,24.752936545971792
Te_3654_47.csv,21.77324135268027
Te_3654_48.csv,23.06462627568601
Te_3654_49.csv,21.632095346821604
Te_3654_50.csv,21.916743830896667
Te_3654_51.csv,25.423598577463512
Te_3654_52.csv,23.107118572160307
Te_3654_53.csv,20.278336791005916
Te_3654_54.csv,24.76764813020665
Te_3654_55.csv,25.500442834761827
Te_3654_56.csv,26.99712422904735
Te_3654_57.csv,23.082736868451274
Te_3654_58.csv,21.922478544695476
Te_3654_59.csv,21.837283069494557
Te_3654_60.csv,24.870786030447647
Te_3654_61.csv,24.492244866586937
Te_3654_62.csv,24.722736265032687
Te_3654_63.csv,24.797388740595068
Te_3654_64.csv,22.328336153108552
Te_3654_65.csv,27.76908794339919
Te_3654_66.csv,24.33695470411316
Te_3654_67.csv,24.150058946627674
Te_3654_68.csv,21.348718586447568
Te_3654_69.csv,23.572035352962327
Te_3654_70.csv,25.496916140109604
Te_3654_71.csv,23.426720421373926
Te_3654_72.csv,23.295994084924473
Te_3654_73.csv,22.173310748211936
Te_3654_74.csv,21.99167990721878
Te_3654_75.csv,24.684694562560722
Te_3654_76.csv,24.21606932024228
Te_3654_77.csv,25.010298033152683
Te_3654_78.csv,22.836509308409266
Te_3654_79.csv,24.581692588455944
Te_3654_80.csv,25.844330534558562
Te_3654_81.csv,22.66517385714911
Te_3654_82.csv,21.74895081250463
Te_3654_83.csv,23.66348638559388
Te_3654_84.csv,23.103604759235825
Te_3654_85.csv,24.97794362041304
Te_3654_86.csv,20.61672169350307
Te_3654_87.csv,23.967376350395973
Te_3654_88.csv,22.487557880384482
Te_3654_89.csv,25.022964183191878
Te_3654_90.csv,27.94220541532622
Te_3654_91.csv,22.358751229487524
Te_3654_92.csv,25.803672429507017
Te_3654_93.csv,22.1044073305153
Te_3654_94.csv,24.034599431176837
Te_3654_95.csv,22.932254103971562
Te_3654_96.csv,24.86308088057766
Te_3654_97.csv,23.249000418969356
Te_3654_98.csv,25.5378655599158
Te_3654_99.csv,22.497211580457265
Te_3654_100.csv,22.952325579617764
Te_3654_101.csv,24.7077395057448
Te_3654_102.csv,24.574467447559023
Te_3654_103.csv,26.739358666440697
Te_3654_104.csv,22.45513457186307
Te_3654_105.csv,25.56268817454958
Te_3654_106.csv,25.266631665911667
Te_3654_107.csv,25.469140990192315
Te_3654_108.csv,22.147188293479235
Te_3654_109.csv,24.526742469833927
Te_3654_110.csv,24.966638588303677
Te_3654_111.csv,22.499352486923826
Te_3654_112.csv,21.460657017280493
Te_3654_113.csv,23.927202945888972
Te_3654_114.csv,20.66803914519951
Te_3654_115.csv,24.930085242941335
Te_3654_116.csv,24.301322507534252
Te_3654_117.csv,20.929821828213232
Te_3654_118.csv,23.819362943547112
Te_3654_119.csv,24.089175041145673
Te_3654_120.csv,20.950133063960433
Te_3654_121.csv,21.306110043463544
Te_3654_122.csv,23.15160930943753
Te_3654_123.csv,24.501361731617894
Te_3654_124.csv,22.702413009703623
Te_3654_125.csv,21.836855360811704
Te_3654_126.csv,23.88864119965412
Te_3654_127.csv,22.84353658740908
Te_3654_128.csv,24.424575916870833
Te_3654_129.csv,27.75712509311684
Te_3654_130.csv,23.385445008445977
Te_3654_131.csv,23.49800429765342
Te_3654_132.csv,26.207625563379143
Te_3654_133.csv,22.624829374746955
Te_3654_134.csv,26.350980462595384
Te_3654_135.csv,23.192598581414096
Te_3654_136.csv,26.21416290073027
Te_3654_137.csv,21.40452618223042
Te_3654_138.csv,25.354310490851056
Te_3654_139.csv,24.794883416451313
Te_3654_140.csv,20.58442458177719
Te_3654_141.csv,24.007714167721428
Te_3654_142.csv,25.21731574968722
Te_3654_143.csv,23.973734905417377
Te_3654_144.csv,24.086004557162397
Te_3654_145.csv,23.68816264993501
Te_3654_146.csv,21.790976018705063
Te_3654_147.csv,27.111362161899578
Te_3654_148.csv,21.613749147692797
Te_3654_149.csv,21.5225229434556
Te_3654_150.csv,23.571401064375674
Te_3654_151.csv,25.143004772850315
Te_3654_152.csv,21.293917966301635
Te_3654_153.csv,22.986440887411952
Te_3654_154.csv,20.70954955959569
Te_3654_155.csv,24.893114170361024
Te_3654_156.csv,24.426640954248132
Te_3654_157.csv,23.82217532655791
Te_3654_158.csv,25.594198360904855
Te_3654_159.csv,22.755729122554467
Te_3654_160.csv,21.004119326642414
Te_3654_161.csv,24.338006020968006
Te_3654_162.csv,20.109202988383228
Te_3654_163.csv,22.559452019157867
Te_3654_164.csv,27.234595213556297
Te_3654_165.csv,24.85017048184121
Te_3654_166.csv,22.652663326938157
Te_3654_167.csv,26.990012849745252
Te_3654_168.csv,25.414237222191133
Te_3654_169.csv,22.036698804909836
Te_3654_170.csv,23.353984348483287
Te_3654_171.csv,25.75669842200967
Te_3654_172.csv,23.26022477395172
Te_3654_173.csv,26.31260946267214
Te_3654_174.csv,21.04368952089261
Te_3654_175.csv,26.426094547260302
Te_3654_176.csv,22.179406400373924
Te_3654_177.csv,22.397188666997486
Te_3654_178.csv,24.00882594502944
Te_3654_179.csv,23.337805347201527
Te_3654_180.csv,25.874270782375078
Te_3654_181.csv,25.292903075751614
Te_3654_182.csv,24.36710646532171
Te_3654_183.csv,22.32302064998883
Te_3654_184.csv,23.20653518708564
Te_3654_185.csv,25.141013970881602
Te_3654_186.csv,23.6824033453939
Te_3654_187.csv,18.17861716202954
Te_3654_188.csv,26.624819605253176
Te_3654_189.csv,23.919534983268925
Te_3654_190.csv,22.956976620568085
Te_3654_191.csv,24.776931551752277
Te_3654_192.csv,24.34362417967956
Te_3654_193.csv,24.028932614487605
Te_3654_194.csv,24.51790186743832
Te_3654_195.csv,26.368561898050906
Te_3654_196.csv,21.24366615736372
Te_3654_197.csv,25.129137193668445
Te_3654_198.csv,22.99238247967333
Te_3654_199.csv,22.40422649127591
Te_3654_200.csv,21.246441364432272
Te_3654_201.csv,25.09312954858969
Te_3654_202.csv,23.605654162468433
Te_3654_203.csv,25.78757483369093
Te_3654_204.csv,20.566928924772466
Te_3654_205.csv,23.56359194253073
Te_3654_206.csv,24.962748525088735
Te_3654_207.csv,23.066697743895926
Te_3654_208.csv,24.320700958335607
Te_3654_209.csv,22.428091953276002
Te_3654_210.csv,23.256082126759505
Te_3654_211.csv,24.798424148646415
Te_3654_212.csv,23.53149523721126
Te_3654_213.csv,20.95350741004121
Te_3654_214.csv,23.334126213643874
Te_3654_215.csv,22.825517766968627
Te_3654_216.csv,22.233403461376167
Te_3654_217.csv,24.190415595127448
Te_3654_218.csv,20.58397515513303
Te_3654_219.csv,22.451286519761233
Te_3654_220.csv,23.21382979194137
Te_3654_221.csv,23.569244271495055
Te_3654_222.csv,21.045590328793246
Te_3654_223.csv,21.416287989499146
Te_3654_224.csv,23.326118788055414
Te_3654_225.csv,21.99978174925655
Te_3654_226.csv,26.6740997562112
Te_3654_227.csv,23.208070064087686
Te_3654_228.csv,24.654150322825238
Te_3654_229.csv,23.482496533823443
Te_3654_230.csv,23.612268665915902
Te_3654_231.csv,24.075900681029243
Te_3654_232.csv,24.1782939668959
Te_3654_233.csv,23.955126738632394
Te_3654_234.csv,25.667948907368395
Te_3654_235.csv,23.67839163056899
Te_3654_236.csv,24.52977164994192
Te_3654_237.csv,23.71003398612482
Te_3654_238.csv,24.464197127031046
Te_3654_239.csv,23.041183703045824
Te_3654_240.csv,20.66577366053108
Te_3654_241.csv,25.919032595153364
Te_3654_242.csv,24.7613080960011
Te_3654_243.csv,23.541014094845274
Te_3654_244.csv,23.945806505192525
Te_3654_245.csv,23.066566225362468
Te_3654_246.csv,26.720188012896244
Te_3654_247.csv,24.23941069037829
Te_3654_248.csv,23.69380958503864
Te_3654_249.csv,24.35716197316933
Te_3654_250.csv,22.27024024833534
Te_3654_251.csv,23.85286315107224
Te_3654_252.csv,21.818377777151824
Te_3654_253.csv,25.506567249247023
Te_3654_254.csv,24.225245310135506
Te_3654_255.csv,23.958845624070094
Te_3654_256.csv,26.016529743698232
Te_3654_257.csv,22.965638490310003
Te_3654_258.csv,24.248056030911087
Te_3654_259.csv,24.00821641189163
Te_3654_260.csv,22.263054540326884
Te_3654_261.csv,25.018003923380434
Te_3654_262.csv,23.074822563270466
Te_3654_263.csv,28.102899918021496
Te_3654_264.csv,21.679413123372363
Te_3654_265.csv,23.752470735332086
Te_3654_266.csv,24.968404907180705
Te_3654_267.csv,25.5630615462447
Te_3654_268.csv,22.018361210067432
Te_3654_269.csv,20.57559455759734
Te_3654_270.csv,22.984533191204076
Te_3654_271.csv,24.269241784547148
Te_3654_272.csv,25.388027037675123
Te_3654_273.csv,22.60913403660101
Te_3654_274.csv,24.820293192294184
Te_3654_275.csv,22.235252599086493
Te_3654_276.csv,22.562844850537154
Te_3654_277.csv,21.1487997614225
Te_3654_278.csv,23.900966362309465
Te_3654_279.csv,22.256891853850686
Te_3654_280.csv,25.551338309196307
Te_3654_281.csv,23.96757939639447
Te_3654_282.csv,23.025987818312302
Te_3654_283.csv,23.64360736323551
Te_3654_284.csv,21.439907344810937
Te_3654_285.csv,23.137497228561823
Te_3654_286.csv,21.61036809597771
Te_3654_287.csv,24.957649715561846
Te_3654_288.csv,23.597224529532046
Te_3654_289.csv,26.95314865397966
Te_3654_290.csv,21.94137980060985
Te_3654_291.csv,24.419768568734845
Te_3654_292.csv,25.775300531544787
Te_3654_293.csv,25.970084501136153
Te_3654_294.csv,21.140221185254877
Te_3654_295.csv,24.88113315044152
Te_3654_296.csv,20.240341143911955
Te_3654_297.csv,22.068190606557188
Te_3654_298.csv,27.310518690120006
Te_3654_299.csv,21.75420859790548
Te_3654_300.csv,24.868493379263903
Te_3654_301.csv,22.77343377025509
Te_3654_302.csv,22.983850488490038
Te_3654_303.csv,21.837289678128773
Te_3654_304.csv,23.671417582317286
Te_3654_305.csv,24.530721970575815
Te_3654_306.csv,22.595481378247115
Te_3654_307.csv,23.4120540800129
Te_3654_308.csv,24.003636078095592
Te_3654_309.csv,21.64646428827374
Te_3654_310.csv,22.671516543242923
Te_3654_311.csv,21.079225247249926
Te_3654_312.csv,23.117428058416834
Te_3654_313.csv,24.056848997845243
Te_3654_314.csv,23.30561006636523
Te_3654_315.csv,22.002439739362337
Te_3654_316.csv,23.52404314107909
Te_3654_317.csv,21.166136991869806
Te_3654_318.csv,25.46354109143104
Te_3654_319.csv,20.96525915285851
Te_3654_320.csv,24.46405294832184
Te_3654_321.csv,24.527681867469337
Te_3654_322.csv,25.067884082705238
Te_3654_323.csv,19.255177665711983
Te_3654_324.csv,23.378646413184022
Te_3654_325.csv,21.572555054539045
Te_3654_326.csv,24.52247606765056
Te_3654_327.csv,24.228942590843324
Te_3654_328.csv,25.84582729488753
Te_3654_329.csv,25.331280175936215
Te_3654_330.csv,22.618520543413087
Te_3654_331.csv,21.156173947119758
Te_3654_332.csv,24.735020524898047
Te_3654_333.csv,26.686043587799556
Te_3654_334.csv,25.266786000172004
Te_3654_335.csv,23.9794726520612
Te_3654_336.csv,22.342122911218635
Te_3654_337.csv,24.38650808824915
Te_3654_338.csv,21.124045212599697
Te_3654_339.csv,24.797111506242203
Te_3654_340.csv,24.469001395633253
Te_3654_341.csv,25.17094058966577
Te_3654_342.csv,21.7292629540379
Te_3654_343.csv,25.721102874563975
Te_3654_344.csv,25.29702485560645
Te_3654_345.csv,26.169991942856992
Te_3654_346.csv,22.327084542141762
Te_3654_347.csv,23.17532268202933
Te_3654_348.csv,23.111283465613077
Te_3654_349.csv,25.021319955973723
Te_3654_350.csv,25.04183477675813
Te_3654_351.csv,22.571454369458603
Te_3654_352.csv,22.828507730450863
Te_3654_353.csv,23.481403625231735
Te_3654_354.csv,23.560909347514603
Te_3654_355.csv,24.790956011817208
Te_3654_356.csv,26.072945718402785
Te_3654_357.csv,24.415696396725597
Te_3654_358.csv,23.41369477444678
Te_3654_359.csv,24.81241684404106
Te_3654_360.csv,21.71707011498258
Te_3654_361.csv,23.967052658773362
Te_3654_362.csv,23.063143668252682
Te_3654_363.csv,24.776097015008933
Te_3654_364.csv,25.2294237970661
Te_3654_365.csv,22.173525423489618
Te_3654_366.csv,24.667308828154063
Te_3654_367.csv,22.75467889024901
Te_3654_368.csv,22.537311156944696
Te_3654_369.csv,21.5747221329854
Te_3654_370.csv,23.165899387777063
Te_3654_371.csv,20.624036603160487
Te_3654_372.csv,21.135412164229823
Te_3654_373.csv,23.20524901414316
Te_3654_374.csv,26.846208385133263
Te_3654_375.csv,22.89298224399468
Te_3654_376.csv,21.796356463744694
Te_3654_377.csv,24.02210757019458
Te_3654_378.csv,24.21019365251441
Te_3654_379.csv,23.868532861181972
Te_3654_380.csv,23.114905876476016
Te_3654_381.csv,22.89471529130387
Te_3654_382.csv,23.778766431304707
Te_3654_383.csv,25.274244633119586
Te_3654_384.csv,24.59186727532615
Te_3654_385.csv,25.419709060759644
Te_3654_386.csv,22.067412740373964
Te_3654_387.csv,23.568204063878632
Te_3654_388.csv,27.085567754191732
Te_3654_389.csv,22.418425463684112
Te_3654_390.csv,23.765155576502302
Te_3654_391.csv,26.750535918062766
Te_3654_392.csv,23.216769288840396
Te_3654_393.csv,24.17483324684675
Te_3654_394.csv,22.240951594281164
Te_3654_395.csv,21.699293269087022
Te_3654_396.csv,22.404376836416446
Te_3654_397.csv,22.439836312260596
Te_3654_398.csv,22.72904827771169
Te_3654_399.csv,24.810019662610255
Te_3654_400.csv,23.056943110236936
Te_3654_401.csv,19.95162945898753
Te_3654_402.csv,23.467351929468254
Te_3654_403.csv,24.377955945855053
Te_3654_404.csv,19.07535877657024
Te_3654_405.csv,24.968297253435345
Te_3654_406.csv,23.570267991824693
Te_3654_407.csv,23.89066591503722
Te_3654_408.csv,27.63030280051669
Te_3654_409.csv,22.89478688545504
Te_3654_410.csv,24.127619497355035
Te_3654_411.csv,19.18704030456594
Te_3654_412.csv,26.309110333240394
Te_3654_413.csv,24.774462277956783
Te_3654_414.csv,23.585102180890605
Te_3654_415.csv,19.851425308357985
Te_3654_416.csv,23.3853790437604
Te_3654_417.csv,23.325703800281985
Te_3654_418.csv,22.605951472921745
Te_3654_419.csv,23.098633736147463
Te_3654_420.csv,23.983305174566226
Te_3654_421.csv,23.441566605087996
Te_3654_422.csv,25.88898573845136
Te_3654_423.csv,20.20588606636448
Te_3654_424.csv,22.598871722566763
Te_3654_425.csv,22.54465174696032
Te_3654_426.csv,26.896729646908316
Te_3654_427.csv,25.00358090535636
Te_3654_428.csv,23.46567579106462
Te_3654_429.csv,20.256570894768657
Te_3654_430.csv,22.78137192269639
Te_3654_431.csv,25.503191659842035
Te_3654_432.csv,22.860684273760633
Te_3654_433.csv,23.440717473895802
Te_3654_434.csv,22.497161286326424
Te_3654_435.csv,23.84083299351619
Te_3654_436.csv,18.54613338672481
Te_3654_437.csv,27.056813218058526
Te_3654_438.csv,22.332630725636882
Te_3654_439.csv,23.045530436719798
Te_3654_440.csv,21.8052501831397
Te_3654_441.csv,22.960904048632457
Te_3654_442.csv,22.94149419525309
Te_3654_443.csv,24.855617993933137
Te_3654_444.csv,21.175978999664373
Te_3654_445.csv,23.90892043319871
Te_3654_446.csv,21.692768787208983
Te_3654_447.csv,24.24146387639872
Te_3654_448.csv,23.37428528465352
Te_3654_449.csv,24.047466580645693
Te_3654_450.csv,23.80540249624718
Te_3654_451.csv,21.808734173581975
Te_3654_452.csv,25.790112560830146
Te_3654_453.csv,20.60793342546943
Te_3654_454.csv,25.627219112613037
Te_3654_455.csv,21.544588855230757
Te_3654_456.csv,25.115693747167526
Te_3654_457.csv,22.634849592351554
Te_3654_458.csv,24.213143889550608
Te_3654_459.csv,26.03085422053286
Te_3654_460.csv,23.384848463119233
Te_3654_461.csv,21.986991562594604
Te_3654_462.csv,24.16524548825244
Te_3654_463.csv,22.37117966709696
Te_3654_464.csv,21.607761605796853
Te_3654_465.csv,22.378730254800573
Te_3654_466.csv,23.440614841694384
Te_3654_467.csv,24.345396548936115
Te_3654_468.csv,22.99540109187108
Te_3654_469.csv,25.223937251483704
Te_3654_470.csv,23.796778922332507
Te_3654_471.csv,24.541090693862593
Te_3654_472.csv,22.687090364770075
Te_3654_473.csv,25.205132081726035
Te_3654_474.csv,23.485633555206267
Te_3654_475.csv,22.966131720898836
Te_3654_476.csv,22.893269566906593
Te_3654_477.csv,23.065387488709394
Te_3654_478.csv,24.05168943045074
Te_3654_479.csv,25.87335482605291
Te_3654_480.csv,24.32852116616548
Te_3654_481.csv,22.653345501128413
Te_3654_482.csv,19.689913735705375
Te_3654_483.csv,22.960461498697942
Te_3654_484.csv,20.389652575634184
Te_3654_485.csv,25.71243470538205
Te_3654_486.csv,23.26260058616664
Te_3654_487.csv,24.67927915229365
Te_3654_488.csv,21.457676652077943
Te_3654_489.csv,20.999700726374204
Te_3654_490.csv,23.285992676693088
Te_3654_491.csv,23.92692974765487
Te_3654_492.csv,21.162344460328576
Te_3654_493.csv,24.549788876637077
Te_3654_494.csv,26.17584793632996
Te_3654_495.csv,19.25826579408921
Te_3654_496.csv,22.209026164988813
Te_3654_497.csv,23.665783178465727
Te_3654_498.csv,23.466202075720535
Te_3654_499.csv,27.00324465392754
Te_3654_500.csv,25.06979958490399
Te_3660_1.csv,26.325075893492762
Te_3660_2.csv,26.903259180942815
Te_3660_3.csv,21.968221511667917
Te_3660_4.csv,28.278688557141717
Te_3660_5.csv,22.77844907489557
Te_3660_6.csv,24.4463931251917
Te_3660_7.csv,24.193654872212594
Te_3660_8.csv,24.440221664379795
Te_3660_9.csv,23.990422085990122
Te_3660_10.csv,24.00951320315363
Te_3660_11.csv,26.575364430837382
Te_3660_12.csv,23.28494812805226
Te_3660_13.csv,24.308555459234736
Te_3660_14.csv,25.953745061130892
Te_3660_15.csv,25.770888815257955
Te_3660_16.csv,25.310538477796594
Te_3660_17.csv,24.41651040410575
Te_3660_18.csv,22.208937644591074
Te_3660_19.csv,25.856316073067973
Te_3660_20.csv,25.283739883555782
Te_3660_21.csv,23.36853640782355
Te_3660_22.csv,20.276200494206005
Te_3660_23.csv,22.495822715091048
Te_3660_24.csv,24.907792245611507
Te_3660_25.csv,27.00634642448139
Te_3660_26.csv,24.60865397048128
Te_3660_27.csv,23.073673258321044
Te_3660_28.csv,22.79402248287828
Te_3660_29.csv,23.37846045580647
Te_3660_30.csv,24.530449612946885
Te_3660_31.csv,25.017781082935016
Te_3660_32.csv,22.658694528997163
Te_3660_33.csv,26.363020492106703
Te_3660_34.csv,25.33259787787231
Te_3660_35.csv,24.229452870769432
Te_3660_36.csv,27.72725639486087
Te_3660_37.csv,23.574101925397027
Te_3660_38.csv,24.936914341178806
Te_3660_39.csv,25.016188429500165
Te_3660_40.csv,24.00285021755544
Te_3660_41.csv,26.615256819970572
Te_3660_42.csv,24.86591218007971
Te_3660_43.csv,25.68174235536975
Te_3660_44.csv,24.631377366227575
Te_3660_45.csv,25.465176113357565
Te_3660_46.csv,27.72954091729345
Te_3660_47.csv,24.077293574826697
Te_3660_48.csv,24.94790765259735
Te_3660_49.csv,24.244515083698015
Te_3660_50.csv,24.35291393553567
Te_3660_51.csv,25.075915260265287
Te_3660_52.csv,22.816573418826362
Te_3660_53.csv,24.907130356848278
Te_3660_54.csv,25.50678608020498
Te_3660_55.csv,26.50415474240173
Te_3660_56.csv,27.017990246076216
Te_3660_57.csv,23.86412603590656
Te_3660_58.csv,23.813659521076342
Te_3660_59.csv,28.05376004708191
Te_3660_60.csv,26.194837248752812
Te_3660_61.csv,24.122810390951077
Te_3660_62.csv,26.991460674202735
Te_3660_63.csv,24.594568762114847
Te_3660_64.csv,23.273455285028977
Te_3660_65.csv,25.060511045386775
Te_3660_66.csv,24.32817373632637
Te_3660_67.csv,24.531846764719816
Te_3660_68.csv,25.671203878456076
Te_3660_69.csv,22.000783311948204
Te_3660_70.csv,23.939379727355245
Te_3660_71.csv,26.493800361246592
Te_3660_72.csv,25.756402448727865
Te_3660_73.csv,22.04601468189782
Te_3660_74.csv,25.083111914754483
Te_3660_75.csv,25.578103365537103
Te_3660_76.csv,24.355323612763502
Te_3660_77.csv,26.405783865732626
Te_3660_78.csv,25.640012833952113
Te_3660_79.csv,24.891439963370342
Te_3660_80.csv,24.992777791711184
Te_3660_81.csv,27.13660971153095
Te_3660_82.csv,24.865688467598385
Te_3660_83.csv,25.177154763611195
Te_3660_84.csv,22.089817334087332
Te_3660_85.csv,25.016619080831415
Te_3660_86.csv,25.065722469651757
Te_3660_87.csv,25.494624255316317
Te_3660_88.csv,24.886382727559493
Te_3660_89.csv,24.211669267115735
Te_3660_90.csv,24.40756973766253
Te_3660_91.csv,26.871569356781425
Te_3660_92.csv,24.874687681456983
Te_3660_93.csv,23.637897922324534
Te_3660_94.csv,24.36231435911348
Te_3660_95.csv,24.90423019543279
Te_3660_96.csv,25.064808728896278
Te_3660_97.csv,26.5121078561216
Te_3660_98.csv,26.26111914741378
Te_3660_99.csv,24.88184379689343
Te_3660_100.csv,23.712425442034633
Te_3660_101.csv,23.181896410914
Te_3660_102.csv,23.65763243853115
Te_3660_103.csv,26.91893035994717
Te_3660_104.csv,27.241435390070436
Te_3660_105.csv,25.833658267810073
Te_3660_106.csv,21.79085714997579
Te_3660_107.csv,23.39696311983007
Te_3660_108.csv,21.881974624233266
Te_3660_109.csv,24.323768076435915
Te_3660_110.csv,25.342407137824864
Te_3660_111.csv,26.63410075749494
Te_3660_112.csv,25.102605472602
Te_3660_113.csv,22.779932580598008
Te_3660_114.csv,25.662012149514297
Te_3660_115.csv,23.460596707458347
Te_3660_116.csv,26.29913609972121
Te_3660_117.csv,23.398096218897706
Te_3660_118.csv,25.98263612293403
Te_3660_119.csv,24.569544288170537
Te_3660_120.csv,22.173845480784976
Te_3660_121.csv,25.923187990740985
Te_3660_122.csv,22.442637219749123
Te_3660_123.csv,21.679575309426546
Te_3660_124.csv,24.271567562777356
Te_3660_125.csv,25.114568105685144
Te_3660_126.csv,24.84669248646334
Te_3660_127.csv,24.142088312177748
Te_3660_128.csv,23.32861938230711
Te_3660_129.csv,24.01189286414757
Te_3660_130.csv,22.49068091354323
Te_3660_131.csv,23.660763519241264
Te_3660_132.csv,25.65929663360541
Te_3660_133.csv,25.304149876249454
Te_3660_134.csv,26.674694019846378
Te_3660_135.csv,26.18968881796044
Te_3660_136.csv,25.35823493913225
Te_3660_137.csv,27.05467061686995
Te_3660_138.csv,26.44385888680635
Te_3660_139.csv,24.01765888774283
Te_3660_140.csv,27.930054709733025
Te_3660_141.csv,26.278651299533923
Te_3660_142.csv,20.74665349248121
Te_3660_143.csv,26.499213261971082
Te_3660_144.csv,25.163540612533993
Te_3660_145.csv,23.150845147164294
Te_3660_146.csv,25.32826019722471
Te_3660_147.csv,21.435643867024982
Te_3660_148.csv,25.573513971630888
Te_3660_149.csv,26.542511716027526
Te_3660_150.csv,24.279935412926335
Te_3660_151.csv,26.479041731783518
Te_3660_152.csv,22.347618070018054
Te_3660_153.csv,25.658562470421575
Te_3660_154.csv,24.584620226682304
Te_3660_155.csv,28.240890600606296
Te_3660_156.csv,25.894767242553467
Te_3660_157.csv,27.931578755910117
Te_3660_158.csv,21.751971720221544
Te_3660_159.csv,25.617124098908402
Te_3660_160.csv,23.211383893707325
Te_3660_161.csv,25.629466069000753
Te_3660_162.csv,22.885353769776614
Te_3660_163.csv,25.70157840439082
Te_3660_164.csv,22.75763989199066
Te_3660_165.csv,25.28073479771793
Te_3660_166.csv,26.218974572535007
Te_3660_167.csv,23.4993364709095
Te_3660_168.csv,25.41860163729349
Te_3660_169.csv,24.323332637734072
Te_3660_170.csv,24.02858466215334
Te_3660_171.csv,24.39356140473929
Te_3660_172.csv,23.291921441085584
Te_3660_173.csv,23.80524897082248
Te_3660_174.csv,25.96530002367886
Te_3660_175.csv,24.139967708249195
Te_3660_176.csv,26.265230797442285
Te_3660_177.csv,27.425169297261505
Te_3660_178.csv,22.369502100208702
Te_3660_179.csv,22.361897736773916
Te_3660_180.csv,23.456084315348505
Te_3660_181.csv,23.980739107557646
Te_3660_182.csv,24.5704399664854
Te_3660_183.csv,22.60795163955753
Te_3660_184.csv,24.313911258611668
Te_3660_185.csv,25.524083783670346
Te_3660_186.csv,27.683227543985414
Te_3660_187.csv,22.662048735144346
Te_3660_188.csv,27.32809117917494
Te_3660_189.csv,23.095956473922328
Te_3660_190.csv,24.813322173945522
Te_3660_191.csv,22.106735942399144
Te_3660_192.csv,28.303004884922817
Te_3660_193.csv,25.518235715845336
Te_3660_194.csv,25.227496877684384
Te_3660_195.csv,25.961282653066863
Te_3660_196.csv,25.05385614586083
Te_3660_197.csv,25.076559266712273
Te_3660_198.csv,25.49308091868536
Te_3660_199.csv,23.539820165046887
Te_3660_200.csv,23.736625242533876
Te_3660_201.csv,24.712062552918677
Te_3660_202.csv,26.04651677924114
Te_3660_203.csv,23.52774959018052
Te_3660_204.csv,23.25871244651277
Te_3660_205.csv,25.44650177685197
Te_3660_206.csv,25.103711896530253
Te_3660_207.csv,24.502983660502984
Te_3660_208.csv,24.448739148467737
Te_3660_209.csv,24.65955298646803
Te_3660_210.csv,25.06746145657648
Te_3660_211.csv,23.08751979483859
Te_3660_212.csv,25.145524870059745
Te_3660_213.csv,22.737949359881217
Te_3660_214.csv,25.820901375525178
Te_3660_215.csv,23.9487338751604
Te_3660_216.csv,26.183248186713417
Te_3660_217.csv,25.146675095023834
Te_3660_218.csv,25.27920946748098
Te_3660_219.csv,23.639257531844805
Te_3660_220.csv,24.917697282223408
Te_3660_221.csv,27.667773260339626
Te_3660_222.csv,26.613202278646753
Te_3660_223.csv,24.690990873829453
Te_3660_224.csv,22.331605657382415
Te_3660_225.csv,24.007851871502243
Te_3660_226.csv,25.129266383781193
Te_3660_227.csv,24.848704396419244
Te_3660_228.csv,25.833337090274345
Te_3660_229.csv,23.35624427915116
Te_3660_230.csv,23.868539247196225
Te_3660_231.csv,24.665878942808263
Te_3660_232.csv,20.983850923554765
Te_3660_233.csv,25.264865854527997
Te_3660_234.csv,24.349028736271663
Te_3660_235.csv,22.430017761236545
Te_3660_236.csv,24.440171239185695
Te_3660_237.csv,24.334676002984132
Te_3660_238.csv,25.93074994883932
Te_3660_239.csv,24.384447421118068
Te_3660_240.csv,25.92468190865032
Te_3660_241.csv,25.208041863463073
Te_3660_242.csv,24.458073879650815
Te_3660_243.csv,24.521232145977088
Te_3660_244.csv,26.341615287105718
Te_3660_245.csv,24.461665967516396
Te_3660_246.csv,24.558483327430345
Te_3660_247.csv,24.226792563882153
Te_3660_248.csv,21.88107981133731
Te_3660_249.csv,25.02213142716384
Te_3660_250.csv,27.157359582413676
Te_3660_251.csv,25.357366890102735
Te_3660_252.csv,22.889798686001217
Te_3660_253.csv,23.09630551509541
Te_3660_254.csv,24.63719812705029
Te_3660_255.csv,25.48890116489827
Te_3660_256.csv,24.58400258495364
Te_3660_257.csv,22.32021715992836
Te_3660_258.csv,24.903380530668553
Te_3660_259.csv,25.34823499814289
Te_3660_260.csv,25.5837608318202
Te_3660_261.csv,28.068326206545123
Te_3660_262.csv,24.494162413092972
Te_3660_263.csv,22.904823413036635
Te_3660_264.csv,24.352722403441152
Te_3660_265.csv,25.840501291898512
Te_3660_266.csv,20.48324939279263
Te_3660_267.csv,23.68973435349087
Te_3660_268.csv,23.202444776752547
Te_3660_269.csv,22.82788137081783
Te_3660_270.csv,27.019210255760004
Te_3660_271.csv,24.271187142643896
Te_3660_272.csv,26.656137435661158
Te_3660_273.csv,22.949241823047238
Te_3660_274.csv,26.640757816952338
Te_3660_275.csv,26.167779249430673
Te_3660_276.csv,24.13882511785233
Te_3660_277.csv,22.850041647179523
Te_3660_278.csv,23.652457645250927
Te_3660_279.csv,23.278892344422633
Te_3660_280.csv,26.97490491656258
Te_3660_281.csv,26.400693479851512
Te_3660_282.csv,22.49495075962004
Te_3660_283.csv,25.20213944834205
Te_3660_284.csv,26.95632814366144
Te_3660_285.csv,26.006832009507
Te_3660_286.csv,22.230800678539822
Te_3660_287.csv,27.51605824570316
Te_3660_288.csv,26.193395917568203
Te_3660_289.csv,22.841329253467116
Te_3660_290.csv,27.104363568786155
Te_3660_291.csv,25.11147468144683
Te_3660_292.csv,25.489115884923795
Te_3660_293.csv,26.499982142442267
Te_3660_294.csv,25.978470605897133
Te_3660_295.csv,24.193770829199156
Te_3660_296.csv,22.569444591024862
Te_3660_297.csv,21.69530663744453
Te_3660_298.csv,23.087965662331495
Te_3660_299.csv,24.899391935395208
Te_3660_300.csv,24.344831426938725
Te_3660_301.csv,26.787908777430196
Te_3660_302.csv,24.448490137527536
Te_3660_303.csv,25.913020683389274
Te_3660_304.csv,24.925136514061315
Te_3660_305.csv,24.803207216170556
Te_3660_306.csv,22.808544528647573
Te_3660_307.csv,23.20092773508708
Te_3660_308.csv,24.465667539016138
Te_3660_309.csv,26.405314598804125
Te_3660_310.csv,26.644232186587196
Te_3660_311.csv,24.242024462177532
Te_3660_312.csv,24.320538474287027
Te_3660_313.csv,26.992257267625558
Te_3660_314.csv,26.559613262544648
Te_3660_315.csv,22.78740885998053
Te_3660_316.csv,23.356171828616276
Te_3660_317.csv,23.830488676582565
Te_3660_318.csv,26.72473415479974
Te_3660_319.csv,24.455498998219873
Te_3660_320.csv,25.955053635565942
Te_3660_321.csv,23.183643337206544
Te_3660_322.csv,25.898834794650707
Te_3660_323.csv,24.11992557184117
Te_3660_324.csv,26.249948136691614
Te_3660_325.csv,25.10879981640945
Te_3660_326.csv,24.060444558458176
Te_3660_327.csv,26.648169605906997
Te_3660_328.csv,26.472282845915213
Te_3660_329.csv,27.389312522611295
Te_3660_330.csv,24.225634048888484
Te_3660_331.csv,26.559061505258587
Te_3660_332.csv,28.14745958509639
Te_3660_333.csv,26.63454749192701
Te_3660_334.csv,25.07528513024738
Te_3660_335.csv,24.9346669627502
Te_3660_336.csv,23.618372246102606
Te_3660_337.csv,22.73728204340981
Te_3660_338.csv,23.768402753883976
Te_3660_339.csv,26.864784907064927
Te_3660_340.csv,23.126021089497485
Te_3660_341.csv,23.516712483380356
Te_3660_342.csv,22.753682811653412
Te_3660_343.csv,22.583312456697843
Te_3660_344.csv,25.91643314446384
Te_3660_345.csv,27.004972597943897
Te_3660_346.csv,24.23699676344528
Te_3660_347.csv,22.81708305408222
Te_3660_348.csv,23.950047984406837
Te_3660_349.csv,22.692539959794495
Te_3660_350.csv,21.58799377047548
Te_3660_351.csv,26.165593593529376
Te_3660_352.csv,24.153224387890255
Te_3660_353.csv,25.416997674613423
Te_3660_354.csv,25.101841318422473
Te_3660_355.csv,24.183183275706167
Te_3660_356.csv,24.852858193142175
Te_3660_357.csv,24.295203098529143
Te_3660_358.csv,22.128442686341632
Te_3660_359.csv,28.249332596040563
Te_3660_360.csv,26.63679572263892
Te_3660_361.csv,25.13138904311937
Te_3660_362.csv,25.821604451321246
Te_3660_363.csv,23.49755285415973
Te_3660_364.csv,24.250518593708488
Te_3660_365.csv,23.296738233261998
Te_3660_366.csv,24.8642004124344
Te_3660_367.csv,24.107187546790023
Te_3660_368.csv,23.411521691456436
Te_3660_369.csv,23.888324924729737
Te_3660_370.csv,26.543178130095296
Te_3660_371.csv,24.508418483036
Te_3660_372.csv,23.681679936804592
Te_3660_373.csv,23.782388468753997
Te_3660_374.csv,25.33547323956691
Te_3660_375.csv,22.936454888860364
Te_3660_376.csv,25.04362836367082
Te_3660_377.csv,24.868380627880846
Te_3660_378.csv,25.607660840353965
Te_3660_379.csv,25.824382285513504
Te_3660_380.csv,23.23039558450008
Te_3660_381.csv,24.16693930996713
Te_3660_382.csv,24.3598077868107
Te_3660_383.csv,25.83532091737346
Te_3660_384.csv,26.216233648302264
Te_3660_385.csv,24.66237284173906
Te_3660_386.csv,22.114918616064188
Te_3660_387.csv,23.474935934885487
Te_3660_388.csv,24.332799051629667
Te_3660_389.csv,24.81120271512654
Te_3660_390.csv,24.064956598794726
Te_3660_391.csv,23.30510001171685
Te_3660_392.csv,22.995996746471707
Te_3660_393.csv,24.95594799787764
Te_3660_394.csv,26.141992024131433
Te_3660_395.csv,25.716830551942746
Te_3660_396.csv,26.020643764068534
Te_3660_397.csv,24.873126029451047
Te_3660_398.csv,23.369774018329593
Te_3660_399.csv,26.873980415612866
Te_3660_400.csv,21.264799391012186
Te_3660_401.csv,24.490579650967245
Te_3660_402.csv,22.13520673090782
Te_3660_403.csv,26.223540034347145
Te_3660_404.csv,25.278727728775905
Te_3660_405.csv,24.74792983928717
Te_3660_406.csv,26.223342728051605
Te_3660_407.csv,23.2032775187158
Te_3660_408.csv,25.688972547071828
Te_3660_409.csv,24.565600742529337
Te_3660_410.csv,25.905396941237605
Te_3660_411.csv,23.295564983680347
Te_3660_412.csv,25.050141329613112
Te_3660_413.csv,23.04543217089706
Te_3660_414.csv,24.118018922837493
Te_3660_415.csv,22.528327659841594
Te_3660_416.csv,26.37076318914528
Te_3660_417.csv,26.64278698027021
Te_3660_418.csv,24.088227725744005
Te_3660_419.csv,23.84072849294469
Te_3660_420.csv,27.021487090997947
Te_3660_421.csv,25.30208951109262
Te_3660_422.csv,24.97344900198693
Te_3660_423.csv,24.66375330416162
Te_3660_424.csv,26.370870964287658
Te_3660_425.csv,25.39483266839415
Te_3660_426.csv,26.05394668588789
Te_3660_427.csv,25.868871834108297
Te_3660_428.csv,28.329880242021044
Te_3660_429.csv,26.433628987904783
Te_3660_430.csv,20.451748246182234
Te_3660_431.csv,24.573914203056315
Te_3660_432.csv,23.837350633911207
Te_3660_433.csv,25.936171913519683
Te_3660_434.csv,22.679954541344674
Te_3660_435.csv,24.74097051494704
Te_3660_436.csv,25.686063443207452
Te_3660_437.csv,24.759051462155103
Te_3660_438.csv,25.93607571637742
Te_3660_439.csv,25.963394014174046
Te_3660_440.csv,23.45720761759006
Te_3660_441.csv,25.083815270840113
Te_3660_442.csv,24.843416936882548
Te_3660_443.csv,23.403380442188478
Te_3660_444.csv,24.92728585583441
Te_3660_445.csv,24.768797232569415
Te_3660_446.csv,26.94057396778512
Te_3660_447.csv,23.60325669431701
Te_3660_448.csv,24.898556803911198
Te_3660_449.csv,24.17753591428997
Te_3660_450.csv,25.059353216808304
Te_3660_451.csv,25.67063851340014
Te_3660_452.csv,25.13387758009327
Te_3660_453.csv,22.80299156559187
Te_3660_454.csv,25.236265656275027
Te_3660_455.csv,26.517425942942786
Te_3660_456.csv,25.03979996784551
Te_3660_457.csv,26.655885745365374
Te_3660_458.csv,24.4961267571174
Te_3660_459.csv,26.250598766449638
Te_3660_460.csv,24.507152856110164
Te_3660_461.csv,23.57988184348763
Te_3660_462.csv,22.168813691179135
Te_3660_463.csv,24.77290078142997
Te_3660_464.csv,25.98343832550726
Te_3660_465.csv,22.311825774340214
Te_3660_466.csv,25.094676082533994
Te_3660_467.csv,23.280553110966263
Te_3660_468.csv,25.07248993044343
Te_3660_469.csv,26.61366766530892
Te_3660_470.csv,27.08084021149687
Te_3660_471.csv,26.167272837953078
Te_3660_472.csv,24.100120971027646
Te_3660_473.csv,23.328001266713073
Te_3660_474.csv,22.97537481800951
Te_3660_475.csv,24.053626400962024
Te_3660_476.csv,26.739750906606574
Te_3660_477.csv,22.829214568774056
Te_3660_478.csv,24.738088375243642
Te_3660_479.csv,22.10228564387004
Te_3660_480.csv,27.22435978693123
Te_3660_481.csv,26.241250329193253
Te_3660_482.csv,23.27300421822431
Te_3660_483.csv,27.036295921232785
Te_3660_484.csv,24.221312835358564
Te_3660_485.csv,25.088559160526543
Te_3660_486.csv,25.547536828162126
Te_3660_487.csv,25.47388797642468
Te_3660_488.csv,23.425287353324297
Te_3660_489.csv,26.537026729794665
Te_3660_490.csv,24.2384376019207
Te_3660_491.csv,21.654232991245326
Te_3660_492.csv,24.092066118144743
Te_3660_493.csv,26.146447648934693
Te_3660_494.csv,21.964307866068868
Te_3660_495.csv,24.217783798483225
Te_3660_496.csv,27.405312057723773
Te_3660_497.csv,24.69257678635843
Te_3660_498.csv,24.248851974386564
Te_3660_499.csv,27.46415549706648
Te_3660_500.csv,24.93645583858465
Te_3666_1.csv,26.935692415437146
Te_3666_2.csv,23.976172964164085
Te_3666_3.csv,25.72408808094329
Te_3666_4.csv,27.804365692257193
Te_3666_5.csv,24.088937026017256
Te_3666_6.csv,23.703728706305135
Te_3666_7.csv,25.22708687502649
Te_3666_8.csv,25.227124504299702
Te_3666_9.csv,25.393089872003717
Te_3666_10.csv,25.192311718294604
Te_3666_11.csv,26.240018895889847
Te_3666_12.csv,24.731961893526588
Te_3666_13.csv,28.149428458154254
Te_3666_14.csv,25.500322252004445
Te_3666_15.csv,22.597868256153724
Te_3666_16.csv,26.29750067412956
Te_3666_17.csv,25.129376373724458
Te_3666_18.csv,27.170465973217134
Te_3666_19.csv,25.467921986219757
Te_3666_20.csv,26.305598797561956
Te_3666_21.csv,28.061861317461112
Te_3666_22.csv,24.862450224742187
Te_3666_23.csv,25.547417803092824
Te_3666_24.csv,24.937389361901324
Te_3666_25.csv,27.453232402128176
Te_3666_26.csv,26.697917323327935
Te_3666_27.csv,24.318292832866554
Te_3666_28.csv,26.956024654682036
Te_3666_29.csv,23.979962103970127
Te_3666_30.csv,28.06822933610761
Te_3666_31.csv,24.94409018953026
Te_3666_32.csv,24.200673488419138
Te_3666_33.csv,28.610993780185325
Te_3666_34.csv,28.556556265808744
Te_3666_35.csv,27.06949756803877
Te_3666_36.csv,25.660095436555867
Te_3666_37.csv,27.52793265896187
Te_3666_38.csv,25.182316989689284
Te_3666_39.csv,23.37596865112197
Te_3666_40.csv,28.49370274346951
Te_3666_41.csv,25.017897478141887
Te_3666_42.csv,24.027039736459905
Te_3666_43.csv,24.791958648829656
Te_3666_44.csv,27.312193924663124
Te_3666_45.csv,24.359819226763427
Te_3666_46.csv,27.689940055256265
Te_3666_47.csv,27.367628622996833
Te_3666_48.csv,24.368824261189566
Te_3666_49.csv,27.441316327125122
Te_3666_50.csv,25.596712107157376
Te_3666_51.csv,26.206027639306704
Te_3666_52.csv,24.52041907688304
Te_3666_53.csv,23.02657411670725
Te_3666_54.csv,26.137415453578623
Te_3666_55.csv,24.146496087252853
Te_3666_56.csv,26.256615590137137
Te_3666_57.csv,27.428538268701516
Te_3666_58.csv,26.37451701968939
Te_3666_59.csv,26.14803177163556
Te_3666_60.csv,26.773214281781975
Te_3666_61.csv,25.44557782458927
Te_3666_62.csv,24.77876461995688
Te_3666_63.csv,22.136546555580857
Te_3666_64.csv,26.351629126742065
Te_3666_65.csv,28.30419728736512
Te_3666_66.csv,26.360006800436803
Te_3666_67.csv,25.046889229132496
Te_3666_68.csv,27.130115348097036
Te_3666_69.csv,26.744653108956257
Te_3666_70.csv,24.775565536923143
Te_3666_71.csv,26.031808335538727
Te_3666_72.csv,25.48038450603316
Te_3666_73.csv,27.341170035808386
Te_3666_74.csv,25.56385750918389
Te_3666_75.csv,24.702811140280566
Te_3666_76.csv,27.339176627606857
Te_3666_77.csv,22.687655026465194
Te_3666_78.csv,25.34271564266891
Te_3666_79.csv,25.20894340864236
Te_3666_80.csv,26.21040283722258
Te_3666_81.csv,26.535781997135253
Te_3666_82.csv,26.788791583039206
Te_3666_83.csv,24.33301903615717
Te_3666_84.csv,26.398997506106877
Te_3666_85.csv,26.964807312989876
Te_3666_86.csv,25.66357811124082
Te_3666_87.csv,24.86012351122204
Te_3666_88.csv,26.68876885094444
Te_3666_89.csv,25.028027026662382
Te_3666_90.csv,27.646788542701945
Te_3666_91.csv,25.815017318988765
Te_3666_92.csv,24.66721944467501
Te_3666_93.csv,27.85512889552944
Te_3666_94.csv,27.221045407435113
Te_3666_95.csv,25.50914102454337
Te_3666_96.csv,26.286567001398332
Te_3666_97.csv,26.362728674128295
Te_3666_98.csv,23.314197494800172
Te_3666_99.csv,26.4674898362382
Te_3666_100.csv,25.323550284883268
Te_3666_101.csv,26.32808025512116
Te_3666_102.csv,26.51339311842094
Te_3666_103.csv,25.287270987159577
Te_3666_104.csv,27.180142235893097
Te_3666_105.csv,24.658888624332675
Te_3666_106.csv,26.83929875627149
Te_3666_107.csv,26.4724130569201
Te_3666_108.csv,25.714240676411865
Te_3666_109.csv,24.31220810365823
Te_3666_110.csv,25.318476685137735
Te_3666_111.csv,25.23815688437483
Te_3666_112.csv,25.819577895062363
Te_3666_113.csv,24.130077398351062
Te_3666_114.csv,26.70376222969771
Te_3666_115.csv,24.208953879800383
Te_3666_116.csv,26.90313631569636
Te_3666_117.csv,25.953330521203963
Te_3666_118.csv,25.707629618799892
Te_3666_119.csv,24.056061964324897
Te_3666_120.csv,23.82710351692563
Te_3666_121.csv,24.224550555457693
Te_3666_122.csv,26.934963656842626
Te_3666_123.csv,24.859741073427642
Te_3666_124.csv,24.887010614858042
Te_3666_125.csv,23.694516540195433
Te_3666_126.csv,25.26816655084047
Te_3666_127.csv,26.584021458573
Te_3666_128.csv,23.599641022449788
Te_3666_129.csv,25.114381870015382
Te_3666_130.csv,25.817491271902835
Te_3666_131.csv,22.35874836845296
Te_3666_132.csv,23.38804708425469
Te_3666_133.csv,23.8749892832172
Te_3666_134.csv,24.748299382663923
Te_3666_135.csv,27.573158398145473
Te_3666_136.csv,25.336022398052368
Te_3666_137.csv,25.48874618901825
Te_3666_138.csv,24.58370281040622
Te_3666_139.csv,26.161372380545455
Te_3666_140.csv,27.780164702962686
Te_3666_141.csv,24.701720318262037
Te_3666_142.csv,25.85027268783324
Te_3666_143.csv,27.22313756868186
Te_3666_144.csv,24.290695184684093
Te_3666_145.csv,22.87089344584878
Te_3666_146.csv,26.037605910394458
Te_3666_147.csv,26.612202716636855
Te_3666_148.csv,22.044134641529535
Te_3666_149.csv,28.693426339860537
Te_3666_150.csv,22.662255365714067
Te_3666_151.csv,25.422110422485297
Te_3666_152.csv,27.675191693696267
Te_3666_153.csv,27.538397421320646
Te_3666_154.csv,24.17522429833701
Te_3666_155.csv,25.527139916034045
Te_3666_156.csv,22.78436331356094
Te_3666_157.csv,24.353078035084813
Te_3666_158.csv,25.670537054439297
Te_3666_159.csv,25.567763145293792
Te_3666_160.csv,25.38034081177089
Te_3666_161.csv,26.416265649520046
Te_3666_162.csv,23.822836421150566
Te_3666_163.csv,25.79521998897414
Te_3666_164.csv,22.98010582153676
Te_3666_165.csv,25.76471100786931
Te_3666_166.csv,25.35448763515521
Te_3666_167.csv,25.910762973154938
Te_3666_168.csv,27.219102173535067
Te_3666_169.csv,26.283531418412977
Te_3666_170.csv,24.204461047156833
Te_3666_171.csv,23.450438684717355
Te_3666_172.csv,26.091639118623643
Te_3666_173.csv,26.548217211324918
Te_3666_174.csv,25.420891795269103
Te_3666_175.csv,25.319876999058348
Te_3666_176.csv,25.343194872681146
Te_3666_177.csv,25.22358537591537
Te_3666_178.csv,24.83318690849902
Te_3666_179.csv,25.797912158849616
Te_3666_180.csv,27.448362380181656
Te_3666_181.csv,25.052384533070114
Te_3666_182.csv,24.502398900723666
Te_3666_183.csv,22.987831109439753
Te_3666_184.csv,27.366424432622484
Te_3666_185.csv,27.718796067440866
Te_3666_186.csv,27.2410647195428
Te_3666_187.csv,25.445399598895776
Te_3666_188.csv,24.847755807482486
Te_3666_189.csv,24.58976057706667
Te_3666_190.csv,26.87016612691799
Te_3666_191.csv,27.795385505294337
Te_3666_192.csv,24.78085940000683
Te_3666_193.csv,25.247170126624248
Te_3666_194.csv,26.860349533726534
Te_3666_195.csv,25.01292900787381
Te_3666_196.csv,25.227913340568715
Te_3666_197.csv,23.98598315935798
Te_3666_198.csv,23.24406174892301
Te_3666_199.csv,26.444082157848012
Te_3666_200.csv,27.567529909083174
Te_3666_201.csv,24.758255166206425
Te_3666_202.csv,25.045470766855747
Te_3666_203.csv,29.49472139356834
Te_3666_204.csv,24.791597972665638
Te_3666_205.csv,24.446493494155344
Te_3666_206.csv,22.76209631256969
Te_3666_207.csv,26.24872876065722
Te_3666_208.csv,21.75191186959039
Te_3666_209.csv,26.592470648675167
Te_3666_210.csv,25.230947298827793
Te_3666_211.csv,25.52298875409926
Te_3666_212.csv,25.35962684643892
Te_3666_213.csv,24.937934898216508
Te_3666_214.csv,25.395345417609114
Te_3666_215.csv,25.602862651393917
Te_3666_216.csv,22.949500459620506
Te_3666_217.csv,28.906068424378454
Te_3666_218.csv,26.727703124680342
Te_3666_219.csv,26.091591906142185
Te_3666_220.csv,24.82852722361111
Te_3666_221.csv,27.53949735906901
Te_3666_222.csv,25.592235133626307
Te_3666_223.csv,25.587142746452585
Te_3666_224.csv,24.236036543091593
Te_3666_225.csv,24.312020935061508
Te_3666_226.csv,23.910067642714427
Te_3666_227.csv,24.36683889628343
Te_3666_228.csv,27.276696720884864
Te_3666_229.csv,27.447153078630215
Te_3666_230.csv,25.813604740518393
Te_3666_231.csv,28.47492368173856
Te_3666_232.csv,24.152200545963137
Te_3666_233.csv,24.410340293535317
Te_3666_234.csv,26.737252645249928
Te_3666_235.csv,26.527409649258473
Te_3666_236.csv,25.391967190121274
Te_3666_237.csv,23.223317965496218
Te_3666_238.csv,27.745842836743257
Te_3666_239.csv,26.627821234186047
Te_3666_240.csv,23.674249595630844
Te_3666_241.csv,27.624430970777347
Te_3666_242.csv,27.176324845731557
Te_3666_243.csv,27.58168436957484
Te_3666_244.csv,26.04918836728975
Te_3666_245.csv,26.088903731003672
Te_3666_246.csv,28.56627592938507
Te_3666_247.csv,27.304894029112265
Te_3666_248.csv,25.703674541655253
Te_3666_249.csv,26.997619581941404
Te_3666_250.csv,26.621569734683398
Te_3666_251.csv,26.153907876518037
Te_3666_252.csv,25.33548717629167
Te_3666_253.csv,26.18245620753766
Te_3666_254.csv,24.204469566265995
Te_3666_255.csv,25.51152217857806
Te_3666_256.csv,23.83145102057101
Te_3666_257.csv,26.109409614252904
Te_3666_258.csv,26.998791008449746
Te_3666_259.csv,26.07253974781457
Te_3666_260.csv,23.698118630821718
Te_3666_261.csv,23.642304041507
Te_3666_262.csv,26.289471942680834
Te_3666_263.csv,22.1629855577071
Te_3666_264.csv,26.7071634479909
Te_3666_265.csv,26.912411681102302
Te_3666_266.csv,26.110950747643194
Te_3666_267.csv,23.712973490303185
Te_3666_268.csv,25.160878334055948
Te_3666_269.csv,23.704912756550158
Te_3666_270.csv,23.840979138862295
Te_3666_271.csv,24.632624668714474
Te_3666_272.csv,24.410162993787775
Te_3666_273.csv,23.109164826899942
Te_3666_274.csv,26.023969845956724
Te_3666_275.csv,23.731438216439255
Te_3666_276.csv,27.400855991412257
Te_3666_277.csv,23.93776619093069
Te_3666_278.csv,25.39593198836445
Te_3666_279.csv,26.67949357755785
Te_3666_280.csv,25.196666866400662
Te_3666_281.csv,26.595528594596527
Te_3666_282.csv,26.779395890755914
Te_3666_283.csv,24.14577327892571
Te_3666_284.csv,25.827615023560355
Te_3666_285.csv,25.879180214529143
Te_3666_286.csv,22.28134907444155
Te_3666_287.csv,24.550201655778537
Te_3666_288.csv,24.614405382014667
Te_3666_289.csv,25.408609037511166
Te_3666_290.csv,26.68217872007324
Te_3666_291.csv,26.764748028656587
Te_3666_292.csv,24.920251913222103
Te_3666_293.csv,26.292430745460713
Te_3666_294.csv,27.443243432567353
Te_3666_295.csv,25.50093751971652
Te_3666_296.csv,24.831199527455258
Te_3666_297.csv,24.85274666878329
Te_3666_298.csv,25.81404916944343
Te_3666_299.csv,25.333944478269704
Te_3666_300.csv,26.334476365653412
Te_3666_301.csv,25.047379594641274
Te_3666_302.csv,27.678808016509482
Te_3666_303.csv,21.753854650472856
Te_3666_304.csv,25.349803723983374
Te_3666_305.csv,25.806233561935784
Te_3666_306.csv,25.662617401184033
Te_3666_307.csv,26.187168825208804
Te_3666_308.csv,25.59192849969577
Te_3666_309.csv,26.113988461657307
Te_3666_310.csv,24.750016572230614
Te_3666_311.csv,25.34598598921857
Te_3666_312.csv,24.460289413711592
Te_3666_313.csv,27.758671698528406
Te_3666_314.csv,26.47197935592162
Te_3666_315.csv,26.6136466578007
Te_3666_316.csv,25.234327098488045
Te_3666_317.csv,26.81936988412701
Te_3666_318.csv,25.65828605914991
Te_3666_319.csv,25.862620560336314
Te_3666_320.csv,26.9564038332244
Te_3666_321.csv,25.402021568145038
Te_3666_322.csv,26.307278795057616
Te_3666_323.csv,24.93760652858355
Te_3666_324.csv,27.64983970862577
Te_3666_325.csv,28.197269752060652
Te_3666_326.csv,26.284773696803736
Te_3666_327.csv,26.747975817015224
Te_3666_328.csv,29.17605703069839
Te_3666_329.csv,26.304240897702925
Te_3666_330.csv,25.381800529832873
Te_3666_331.csv,26.449902832158877
Te_3666_332.csv,26.826878596520135
Te_3666_333.csv,25.82389015638389
Te_3666_334.csv,26.514579352929797
Te_3666_335.csv,23.956852273793235
Te_3666_336.csv,26.44647472988451
Te_3666_337.csv,23.403613304674913
Te_3666_338.csv,25.39013580536404
Te_3666_339.csv,25.601781238872043
Te_3666_340.csv,27.56526303717648
Te_3666_341.csv,25.792666830496557
Te_3666_342.csv,24.907200029280002
Te_3666_343.csv,25.973159927137065
Te_3666_344.csv,26.784857147813554
Te_3666_345.csv,26.29866743931629
Te_3666_346.csv,23.362333043600724
Te_3666_347.csv,26.320338650593964
Te_3666_348.csv,27.120462815722405
Te_3666_349.csv,24.82278682108055
Te_3666_350.csv,24.54372370943862
Te_3666_351.csv,24.68564497816161
Te_3666_352.csv,26.82429652772007
Te_3666_353.csv,26.292078443292194
Te_3666_354.csv,25.068722918929392
Te_3666_355.csv,26.149721634605037
Te_3666_356.csv,22.82550832837516
Te_3666_357.csv,26.931041970902005
Te_3666_358.csv,23.448769461397525
Te_3666_359.csv,28.043561281013407
Te_3666_360.csv,27.01696454523496
Te_3666_361.csv,25.758776944161834
Te_3666_362.csv,24.598219514832135
Te_3666_363.csv,25.06248651182728
Te_3666_364.csv,26.084796878952957
Te_3666_365.csv,26.0661345918171
Te_3666_366.csv,23.33182437955157
Te_3666_367.csv,24.224800628047714
Te_3666_368.csv,26.565651361053042
Te_3666_369.csv,22.639192352519547
Te_3666_370.csv,24.46149570714564
Te_3666_371.csv,27.584527355112343
Te_3666_372.csv,23.81569011888386
Te_3666_373.csv,26.396906293594697
Te_3666_374.csv,26.79768958616621
Te_3666_375.csv,24.91809839960857
Te_3666_376.csv,24.332158524380034
Te_3666_377.csv,29.544567818011917
Te_3666_378.csv,27.147628064392723
Te_3666_379.csv,27.060961685307113
Te_3666_380.csv,24.7671873118747
Te_3666_381.csv,28.261759578013706
Te_3666_382.csv,26.77814832517747
Te_3666_383.csv,22.218526677896275
Te_3666_384.csv,27.35568508022702
Te_3666_385.csv,24.805316332002757
Te_3666_386.csv,27.88334161001083
Te_3666_387.csv,25.796828942926407
Te_3666_388.csv,24.520711573422858
Te_3666_389.csv,25.84351869545782
Te_3666_390.csv,25.42932590983007
Te_3666_391.csv,24.10247860024229
Te_3666_392.csv,26.817956514704473
Te_3666_393.csv,29.317853173139447
Te_3666_394.csv,25.376787208505256
Te_3666_395.csv,26.19066454526178
Te_3666_396.csv,25.21107303852382
Te_3666_397.csv,25.07987598234887
Te_3666_398.csv,25.358038098244023
Te_3666_399.csv,23.774089051921163
Te_3666_400.csv,26.337096893852536
Te_3666_401.csv,24.784211313986763
Te_3666_402.csv,24.30065307606593
Te_3666_403.csv,26.45116003847212
Te_3666_404.csv,26.592600055645974
Te_3666_405.csv,25.665478379920383
Te_3666_406.csv,27.17710423246753
Te_3666_407.csv,27.413371338980596
Te_3666_408.csv,28.03779956647305
Te_3666_409.csv,26.324774043272388
Te_3666_410.csv,26.29943016988548
Te_3666_411.csv,23.028140829478712
Te_3666_412.csv,22.42098033654798
Te_3666_413.csv,28.40469178075724
Te_3666_414.csv,25.155986380605274
Te_3666_415.csv,26.906187071319422
Te_3666_416.csv,26.755351774184224
Te_3666_417.csv,27.432699184329245
Te_3666_418.csv,28.038527795085642
Te_3666_419.csv,24.548172260470533
Te_3666_420.csv,26.671662475498046
Te_3666_421.csv,24.431624408361944
Te_3666_422.csv,24.20886117843484
Te_3666_423.csv,26.07499843684502
Te_3666_424.csv,25.71920300380155
Te_3666_425.csv,26.283115604371584
Te_3666_426.csv,28.4478148434544
Te_3666_427.csv,27.10468988860759
Te_3666_428.csv,24.662204771908108
Te_3666_429.csv,27.0136004534712
Te_3666_430.csv,25.182959988136602
Te_3666_431.csv,23.84672817071702
Te_3666_432.csv,24.602835249980686
Te_3666_433.csv,26.000074630084587
Te_3666_434.csv,27.186304915278825
Te_3666_435.csv,24.179965037893
Te_3666_436.csv,27.938910369068875
Te_3666_437.csv,26.83343429710561
Te_3666_438.csv,23.983218995831656
Te_3666_439.csv,23.38145482588507
Te_3666_440.csv,25.93422646186432
Te_3666_441.csv,26.08829722643525
Te_3666_442.csv,23.884087435256998
Te_3666_443.csv,24.903107643902462
Te_3666_444.csv,26.963805979732875
Te_3666_445.csv,26.734373625418723
Te_3666_446.csv,27.922656504387128
Te_3666_447.csv,27.15383803594987
Te_3666_448.csv,26.413180062973748
Te_3666_449.csv,24.61072116348517
Te_3666_450.csv,26.727211705102224
Te_3666_451.csv,26.546430260488055
Te_3666_452.csv,22.12716205712412
Te_3666_453.csv,26.017128140945093
Te_3666_454.csv,26.010660776315788
Te_3666_455.csv,27.119107834508764
Te_3666_456.csv,24.24677757409497
Te_3666_457.csv,25.20573110681299
Te_3666_458.csv,25.745772731777787
Te_3666_459.csv,24.69493049593646
Te_3666_460.csv,24.380830706254194
Te_3666_461.csv,24.18564904748255
Te_3666_462.csv,25.630769373878945
Te_3666_463.csv,25.81594311949582
Te_3666_464.csv,27.76553594015409
Te_3666_465.csv,25.64059353197459
Te_3666_466.csv,24.929355925476482
Te_3666_467.csv,25.322095566112257
Te_3666_468.csv,24.97345249411165
Te_3666_469.csv,24.64068612763721
Te_3666_470.csv,25.156296112822165
Te_3666_471.csv,24.18443968820072
Te_3666_472.csv,26.607312045347726
Te_3666_473.csv,25.52712280948237
Te_3666_474.csv,26.90388207274002
Te_3666_475.csv,25.120291470191866
Te_3666_476.csv,26.045697072543796
Te_3666_477.csv,26.43577624910112
Te_3666_478.csv,24.550647827056324
Te_3666_479.csv,25.362600474804207
Te_3666_480.csv,25.51047656916142
Te_3666_481.csv,26.184977756516016
Te_3666_482.csv,25.354295044865054
Te_3666_483.csv,25.36676267895012
Te_3666_484.csv,26.781034019615998
Te_3666_485.csv,26.173325806064486
Te_3666_486.csv,28.12166282937488
Te_3666_487.csv,24.728318174491484
Te_3666_488.csv,28.996738708772305
Te_3666_489.csv,26.866661392010418
Te_3666_490.csv,24.58640379943646
Te_3666_491.csv,27.260104603107692
Te_3666_492.csv,25.933378159163457
Te_3666_493.csv,26.331471168492428
Te_3666_494.csv,27.801941762448255
Te_3666_495.csv,25.74280440675985
Te_3666_496.csv,27.62747524855451
Te_3666_497.csv,25.759284416194483
Te_3666_498.csv,27.951390008285607
Te_3666_499.csv,23.608957491974483
Te_3666_500.csv,26.133023471770365
Te_3672_1.csv,26.178969892361216
Te_3672_2.csv,26.529133911132316
Te_3672_3.csv,28.134102065748607
Te_3672_4.csv,25.404636294427046
Te_3672_5.csv,28.070115718931536
Te_3672_6.csv,25.401929382767424
Te_3672_7.csv,25.24937477672646
Te_3672_8.csv,28.93116526475548
Te_3672_9.csv,26.438475602528186
Te_3672_10.csv,26.93816430304673
Te_3672_11.csv,24.374833212736146
Te_3672_12.csv,23.51321574403029
Te_3672_13.csv,26.861148962180586
Te_3672_14.csv,25.206323708932814
Te_3672_15.csv,23.418621648756186
Te_3672_16.csv,27.459704609024943
Te_3672_17.csv,26.665702516074795
Te_3672_18.csv,24.34730705596165
Te_3672_19.csv,25.296999421270375
Te_3672_20.csv,25.751323463872176
Te_3672_21.csv,26.78639984130887
Te_3672_22.csv,26.97331059885549
Te_3672_23.csv,28.20102252821928
Te_3672_24.csv,27.19777001168102
Te_3672_25.csv,28.25662788831216
Te_3672_26.csv,28.225403746816795
Te_3672_27.csv,27.195211912294305
Te_3672_28.csv,27.074844895625645
Te_3672_29.csv,26.390343274818683
Te_3672_30.csv,27.868280270894818
Te_3672_31.csv,29.670511702614846
Te_3672_32.csv,23.96772015470093
Te_3672_33.csv,25.721568321731063
Te_3672_34.csv,27.922412712950962
Te_3672_35.csv,28.113272323102503
Te_3672_36.csv,27.27225925545095
Te_3672_37.csv,28.139367400347478
Te_3672_38.csv,25.16344129580189
Te_3672_39.csv,29.63152784845966
Te_3672_40.csv,24.991451822525967
Te_3672_41.csv,25.35193885319908
Te_3672_42.csv,27.62845430077364
Te_3672_43.csv,24.539833108536538
Te_3672_44.csv,27.551460509273916
Te_3672_45.csv,28.120123413633564
Te_3672_46.csv,26.445213120523146
Te_3672_47.csv,26.571746661226477
Te_3672_48.csv,26.57022079251212
Te_3672_49.csv,27.60582575129428
Te_3672_50.csv,28.825664910647898
Te_3672_51.csv,28.626922681046366
Te_3672_52.csv,26.322313382005078
Te_3672_53.csv,27.379171235925938
Te_3672_54.csv,23.776678956566162
Te_3672_55.csv,27.81884645155002
Te_3672_56.csv,26.548261990033804
Te_3672_57.csv,23.691564448034683
Te_3672_58.csv,28.05964945269738
Te_3672_59.csv,27.269965805958122
Te_3672_60.csv,25.124973849203
Te_3672_61.csv,27.60170496629339
Te_3672_62.csv,27.700821898241816
Te_3672_63.csv,28.254447229642686
Te_3672_64.csv,25.380092074869474
Te_3672_65.csv,24.948872530756205
Te_3672_66.csv,24.876387881764327
Te_3672_67.csv,27.090794675101854
Te_3672_68.csv,25.97940654853259
Te_3672_69.csv,25.861600026934777
Te_3672_70.csv,28.01756037586007
Te_3672_71.csv,27.983645212625213
Te_3672_72.csv,25.560308114763785
Te_3672_73.csv,28.028002467199407
Te_3672_74.csv,30.425701973097848
Te_3672_75.csv,28.283506143615384
Te_3672_76.csv,28.03598146947376
Te_3672_77.csv,24.748160980198445
Te_3672_78.csv,24.900816759952104
Te_3672_79.csv,23.80887815060495
Te_3672_80.csv,24.49651156550914
Te_3672_81.csv,26.722944219933314
Te_3672_82.csv,27.271552533997674
Te_3672_83.csv,26.460221634326068
Te_3672_84.csv,26.46228054493167
Te_3672_85.csv,25.351774775432876
Te_3672_86.csv,28.1401569466079
Te_3672_87.csv,26.583195494885967
Te_3672_88.csv,26.56540096968691
Te_3672_89.csv,27.12448610513706
Te_3672_90.csv,27.583514748308158
Te_3672_91.csv,23.7062312336607
Te_3672_92.csv,28.14515504276306
Te_3672_93.csv,25.907885805915313
Te_3672_94.csv,23.029421155328595
Te_3672_95.csv,23.98279144663111
Te_3672_96.csv,23.56398670542514
Te_3672_97.csv,24.406021387438024
Te_3672_98.csv,27.56266280326904
Te_3672_99.csv,28.232811879137575
Te_3672_100.csv,27.564049993792707
Te_3672_101.csv,25.538980654380733
Te_3672_102.csv,24.718870382289982
Te_3672_103.csv,27.736096360811132
Te_3672_104.csv,26.883524412675357
Te_3672_105.csv,25.909132214748883
Te_3672_106.csv,27.851480303928064
Te_3672_107.csv,25.480279098260368
Te_3672_108.csv,24.042717007683127
Te_3672_109.csv,29.04723276176645
Te_3672_110.csv,26.79238180974625
Te_3672_111.csv,24.465622134569465
Te_3672_112.csv,26.55198056387381
Te_3672_113.csv,25.908141433512558
Te_3672_114.csv,27.03996454990272
Te_3672_115.csv,26.67618803770897
Te_3672_116.csv,23.61239526020009
Te_3672_117.csv,26.03799871117123
Te_3672_118.csv,26.367726989006453
Te_3672_119.csv,25.21637566604169
Te_3672_120.csv,30.67621734761497
Te_3672_121.csv,28.12164108807637
Te_3672_122.csv,24.7300785544212
Te_3672_123.csv,27.24234411174204
Te_3672_124.csv,24.016615061547565
Te_3672_125.csv,25.614855556486603
Te_3672_126.csv,26.430508608454925
Te_3672_127.csv,24.420855967065847
Te_3672_128.csv,24.674655669529425
Te_3672_129.csv,27.884313888099275
Te_3672_130.csv,27.246032554722138
Te_3672_131.csv,26.11137555798174
Te_3672_132.csv,24.680923491266984
Te_3672_133.csv,27.522754270040625
Te_3672_134.csv,26.41438096882752
Te_3672_135.csv,25.782303669709012
Te_3672_136.csv,26.724967388595637
Te_3672_137.csv,26.6681127972945
Te_3672_138.csv,27.306925534824025
Te_3672_139.csv,25.193100175449963
Te_3672_140.csv,25.20858677161996
Te_3672_141.csv,24.40473171347119
Te_3672_142.csv,25.64871726262236
Te_3672_143.csv,28.611141741213306
Te_3672_144.csv,25.26008673409382
Te_3672_145.csv,27.5454261685014
Te_3672_146.csv,26.530515309174262
Te_3672_147.csv,28.243674301428484
Te_3672_148.csv,28.01857626239079
Te_3672_149.csv,24.511601940529147
Te_3672_150.csv,26.74021260481895
Te_3672_151.csv,28.541327759750555
Te_3672_152.csv,23.43181789455679
Te_3672_153.csv,26.046770404276963
Te_3672_154.csv,25.55104874821102
Te_3672_155.csv,25.09827577046417
Te_3672_156.csv,26.96220294585341
Te_3672_157.csv,26.418177202165726
Te_3672_158.csv,29.46391496758589
Te_3672_159.csv,27.88167500738318
Te_3672_160.csv,26.064049290531383
Te_3672_161.csv,27.739734091739063
Te_3672_162.csv,28.385214390892504
Te_3672_163.csv,25.55961106350879
Te_3672_164.csv,24.116649985893012
Te_3672_165.csv,25.871688411424927
Te_3672_166.csv,26.551135229351264
Te_3672_167.csv,26.861885509447024
Te_3672_168.csv,25.566019773512842
Te_3672_169.csv,27.418097736903007
Te_3672_170.csv,24.81163101423636
Te_3672_171.csv,24.973249110981286
Te_3672_172.csv,24.08912518954139
Te_3672_173.csv,25.826590808210796
Te_3672_174.csv,23.789266345411935
Te_3672_175.csv,24.28058466728763
Te_3672_176.csv,25.203377977626637
Te_3672_177.csv,27.315117757577138
Te_3672_178.csv,26.386520031081506
Te_3672_179.csv,23.974641347844326
Te_3672_180.csv,25.181519060881122
Te_3672_181.csv,24.703261195265874
Te_3672_182.csv,27.25089831478399
Te_3672_183.csv,24.846440121776162
Te_3672_184.csv,24.62936132995308
Te_3672_185.csv,24.278325671939168
Te_3672_186.csv,28.591840376947644
Te_3672_187.csv,27.190227671033103
Te_3672_188.csv,27.211064288843595
Te_3672_189.csv,23.798507248530562
Te_3672_190.csv,24.425101049544956
Te_3672_191.csv,26.559791016952666
Te_3672_192.csv,26.040037254383996
Te_3672_193.csv,27.752499065942274
Te_3672_194.csv,26.91883468164625
Te_3672_195.csv,27.316771508080112
Te_3672_196.csv,27.919200567073982
Te_3672_197.csv,28.186499206395066
Te_3672_198.csv,25.020542864304513
Te_3672_199.csv,26.348500847458062
Te_3672_200.csv,24.13736725943726
Te_3672_201.csv,25.756481660506328
Te_3672_202.csv,24.279671662847893
Te_3672_203.csv,29.089712027946334
Te_3672_204.csv,25.27081581499664
Te_3672_205.csv,26.043924922101898
Te_3672_206.csv,27.97306906786893
Te_3672_207.csv,27.865548422051887
Te_3672_208.csv,26.70049054587841
Te_3672_209.csv,29.735753998234642
Te_3672_210.csv,25.060708886096265
Te_3672_211.csv,25.89142842740887
Te_3672_212.csv,25.761683221453982
Te_3672_213.csv,26.815763901306592
Te_3672_214.csv,25.721184488229778
Te_3672_215.csv,25.197932037108135
Te_3672_216.csv,26.992493976443296
Te_3672_217.csv,25.69755706986674
Te_3672_218.csv,23.567290701929654
Te_3672_219.csv,29.376726725088687
Te_3672_220.csv,25.17785078476906
Te_3672_221.csv,26.60460130260757
Te_3672_222.csv,26.920488423336803
Te_3672_223.csv,27.689561006036318
Te_3672_224.csv,29.74688790253899
Te_3672_225.csv,27.843981518241165
Te_3672_226.csv,24.38797400473877
Te_3672_227.csv,26.627002979821597
Te_3672_228.csv,24.895593443560923
Te_3672_229.csv,26.9398825543956
Te_3672_230.csv,27.85683072552728
Te_3672_231.csv,25.082175073599565
Te_3672_232.csv,26.853102153286326
Te_3672_233.csv,25.332036142086842
Te_3672_234.csv,26.35689746759529
Te_3672_235.csv,25.70428195487327
Te_3672_236.csv,27.575926101478334
Te_3672_237.csv,26.106869252294356
Te_3672_238.csv,25.929007098912354
Te_3672_239.csv,26.944124726689534
Te_3672_240.csv,25.48023807727851
Te_3672_241.csv,26.481463598526023
Te_3672_242.csv,27.274084224777173
Te_3672_243.csv,25.637487971927506
Te_3672_244.csv,26.423449365381522
Te_3672_245.csv,27.716066491226997
Te_3672_246.csv,25.624495859839392
Te_3672_247.csv,26.595182739555298
Te_3672_248.csv,27.855233707970378
Te_3672_249.csv,25.809685043002002
Te_3672_250.csv,26.37669013568635
Te_3672_251.csv,28.50763305995646
Te_3672_252.csv,24.23143890987383
Te_3672_253.csv,27.33540353427357
Te_3672_254.csv,28.363293757439873
Te_3672_255.csv,27.582798316703503
Te_3672_256.csv,25.03203567125595
Te_3672_257.csv,25.606549652769612
Te_3672_258.csv,27.816016349742828
Te_3672_259.csv,27.726909592714836
Te_3672_260.csv,24.527328638662592
Te_3672_261.csv,26.50518844293236
Te_3672_262.csv,24.91824343159803
Te_3672_263.csv,26.934326439797076
Te_3672_264.csv,25.559017268142746
Te_3672_265.csv,25.77848323535606
Te_3672_266.csv,26.13821374641633
Te_3672_267.csv,27.284057336092264
Te_3672_268.csv,27.510856173419494
Te_3672_269.csv,26.42556691884134
Te_3672_270.csv,27.377804151741802
Te_3672_271.csv,26.154778680995562
Te_3672_272.csv,25.82426337778335
Te_3672_273.csv,27.42900967710847
Te_3672_274.csv,25.931230089949665
Te_3672_275.csv,25.30971686480073
Te_3672_276.csv,23.229452452438984
Te_3672_277.csv,25.778399664324546
Te_3672_278.csv,25.71045630115452
Te_3672_279.csv,26.206152526680118
Te_3672_280.csv,24.928702068873953
Te_3672_281.csv,26.47023300577228
Te_3672_282.csv,26.871480947939276
Te_3672_283.csv,28.524387701343027
Te_3672_284.csv,25.95393655030679
Te_3672_285.csv,27.413803534535404
Te_3672_286.csv,26.218615090881247
Te_3672_287.csv,26.52176715171183
Te_3672_288.csv,28.68543905802456
Te_3672_289.csv,26.341275020272136
Te_3672_290.csv,26.511767088160784
Te_3672_291.csv,27.185743440419746
Te_3672_292.csv,28.144197263503916
Te_3672_293.csv,27.17343325853952
Te_3672_294.csv,27.629688971311857
Te_3672_295.csv,27.243033590552564
Te_3672_296.csv,26.84229890080756
Te_3672_297.csv,25.822377344874276
Te_3672_298.csv,25.104985068850677
Te_3672_299.csv,25.575098141114214
Te_3672_300.csv,28.68602364011247
Te_3672_301.csv,26.67403376050384
Te_3672_302.csv,26.750033835519538
Te_3672_303.csv,23.96850152356953
Te_3672_304.csv,25.1918982838354
Te_3672_305.csv,26.38829186971892
Te_3672_306.csv,26.943974939777668
Te_3672_307.csv,25.285266546380242
Te_3672_308.csv,24.756050963532257
Te_3672_309.csv,28.01662577609007
Te_3672_310.csv,28.28743868302172
Te_3672_311.csv,25.980412365689155
Te_3672_312.csv,28.001566507137408
Te_3672_313.csv,25.633015090848563
Te_3672_314.csv,26.790615924489938
Te_3672_315.csv,24.25515881945907
Te_3672_316.csv,24.025340489068594
Te_3672_317.csv,26.537944081190737
Te_3672_318.csv,24.90129175770086
Te_3672_319.csv,25.856415999133244
Te_3672_320.csv,25.272095700563394
Te_3672_321.csv,24.569871107619075
Te_3672_322.csv,27.74508963289188
Te_3672_323.csv,25.65037080710353
Te_3672_324.csv,26.03528323023715
Te_3672_325.csv,26.46491407358807
Te_3672_326.csv,26.937106130830998
Te_3672_327.csv,24.736794355886047
Te_3672_328.csv,27.03676158275565
Te_3672_329.csv,24.345515802889025
Te_3672_330.csv,27.814789818033542
Te_3672_331.csv,26.642107489589574
Te_3672_332.csv,26.062632110748414
Te_3672_333.csv,26.114762907197466
Te_3672_334.csv,24.76563144928175
Te_3672_335.csv,24.921569277518795
Te_3672_336.csv,24.47654093245452
Te_3672_337.csv,26.549536798865198
Te_3672_338.csv,25.92943774296909
Te_3672_339.csv,26.77108040244702
Te_3672_340.csv,25.321861190228805
Te_3672_341.csv,25.563585684928622
Te_3672_342.csv,24.68985191455804
Te_3672_343.csv,25.614285340589518
Te_3672_344.csv,27.271854660361736
Te_3672_345.csv,26.971998863035797
Te_3672_346.csv,28.29131462365988
Te_3672_347.csv,29.334124505063773
Te_3672_348.csv,27.72535054507303
Te_3672_349.csv,23.19230051466458
Te_3672_350.csv,24.336242122531832
Te_3672_351.csv,26.027983746666933
Te_3672_352.csv,28.55261036604548
Te_3672_353.csv,26.50309238291468
Te_3672_354.csv,27.39482420108502
Te_3672_355.csv,25.291705438672103
Te_3672_356.csv,24.628727876699635
Te_3672_357.csv,27.067035341306077
Te_3672_358.csv,26.56569957900407
Te_3672_359.csv,28.62847169113867
Te_3672_360.csv,25.33146773747277
Te_3672_361.csv,26.360749794851504
Te_3672_362.csv,26.31539035450072
Te_3672_363.csv,25.260453628701658
Te_3672_364.csv,25.787167456496917
Te_3672_365.csv,25.668570942715185
Te_3672_366.csv,26.61206582310908
Te_3672_367.csv,25.594135634402125
Te_3672_368.csv,29.29590632367569
Te_3672_369.csv,26.22335463863837
Te_3672_370.csv,28.70351575409459
Te_3672_371.csv,24.956537659065496
Te_3672_372.csv,25.409968871158444
Te_3672_373.csv,27.59763818299897
Te_3672_374.csv,27.212424756229055
Te_3672_375.csv,26.06651640236651
Te_3672_376.csv,26.889142515211667
Te_3672_377.csv,28.007148037278167
Te_3672_378.csv,26.379049526677992
Te_3672_379.csv,26.802619012176763
Te_3672_380.csv,25.20936350148181
Te_3672_381.csv,28.88418299086745
Te_3672_382.csv,24.555177807426222
Te_3672_383.csv,27.354745305162158
Te_3672_384.csv,28.839844704735068
Te_3672_385.csv,28.201829243726387
Te_3672_386.csv,27.09805300394902
Te_3672_387.csv,23.86272510155312
Te_3672_388.csv,27.291912399432036
Te_3672_389.csv,26.685484663753112
Te_3672_390.csv,28.369503529597942
Te_3672_391.csv,24.308130213681647
Te_3672_392.csv,29.659284693927813
Te_3672_393.csv,25.433212734245938
Te_3672_394.csv,25.221291900588092
Te_3672_395.csv,27.361272409228583
Te_3672_396.csv,28.331670536170975
Te_3672_397.csv,29.671541699569737
Te_3672_398.csv,23.475925574188107
Te_3672_399.csv,26.737660762669236
Te_3672_400.csv,28.138014672360097
Te_3672_401.csv,25.046866477723018
Te_3672_402.csv,27.499130388623097
Te_3672_403.csv,25.747386264922874
Te_3672_404.csv,27.832568145089912
Te_3672_405.csv,25.840347810589137
Te_3672_406.csv,27.338987285494532
Te_3672_407.csv,28.872087987391907
Te_3672_408.csv,26.00548467009886
Te_3672_409.csv,26.660788384639297
Te_3672_410.csv,25.270345592366382
Te_3672_411.csv,26.72298393673663
Te_3672_412.csv,27.295915965716016
Te_3672_413.csv,26.46626259086143
Te_3672_414.csv,26.393425371307075
Te_3672_415.csv,25.252548594776922
Te_3672_416.csv,22.918374799109245
Te_3672_417.csv,26.50267320622766
Te_3672_418.csv,28.32981389381459
Te_3672_419.csv,26.51272628040885
Te_3672_420.csv,25.659038187572243
Te_3672_421.csv,25.697600406286806
Te_3672_422.csv,24.220307034381296
Te_3672_423.csv,26.565066529934146
Te_3672_424.csv,27.79445282142411
Te_3672_425.csv,26.826749561496452
Te_3672_426.csv,25.921630229638087
Te_3672_427.csv,25.466885936705697
Te_3672_428.csv,27.322254385750515
Te_3672_429.csv,25.835559164250295
Te_3672_430.csv,25.91635614348931
Te_3672_431.csv,26.84395271914233
Te_3672_432.csv,24.590584460728895
Te_3672_433.csv,27.18792545199707
Te_3672_434.csv,26.178346331766452
Te_3672_435.csv,27.902285246172823
Te_3672_436.csv,27.37948906121348
Te_3672_437.csv,23.558764227487973
Te_3672_438.csv,24.62310729601046
Te_3672_439.csv,25.921541991749205
Te_3672_440.csv,25.170862640072656
Te_3672_441.csv,22.619741314838908
Te_3672_442.csv,27.060704626353452
Te_3672_443.csv,26.458032234819036
Te_3672_444.csv,25.750021934598493
Te_3672_445.csv,29.059830909333307
Te_3672_446.csv,26.08910278596319
Te_3672_447.csv,25.810966610009253
Te_3672_448.csv,25.59090040130095
Te_3672_449.csv,25.130648632629217
Te_3672_450.csv,27.460084242280917
Te_3672_451.csv,27.468858994413207
Te_3672_452.csv,25.168769025959868
Te_3672_453.csv,24.671075356531375
Te_3672_454.csv,25.495971063116016
Te_3672_455.csv,26.670346827479996
Te_3672_456.csv,27.22824532761614
Te_3672_457.csv,29.095125283700018
Te_3672_458.csv,26.680105300706526
Te_3672_459.csv,25.832394022084515
Te_3672_460.csv,28.318046684122248
Te_3672_461.csv,26.115403085712718
Te_3672_462.csv,28.812166719081013
Te_3672_463.csv,26.6080767468759
Te_3672_464.csv,25.371118112174685
Te_3672_465.csv,25.392492556133007
Te_3672_466.csv,23.972532002687533
Te_3672_467.csv,25.228911544747056
Te_3672_468.csv,24.164548462399353
Te_3672_469.csv,26.525516542588527
Te_3672_470.csv,25.274628898164867
Te_3672_471.csv,27.440730164581527
Te_3672_472.csv,26.167264177082544
Te_3672_473.csv,26.29652218842644
Te_3672_474.csv,28.009053244804846
Te_3672_475.csv,25.72935205162062
Te_3672_476.csv,27.289510781856205
Te_3672_477.csv,26.785521251940274
Te_3672_478.csv,24.081906216932303
Te_3672_479.csv,24.709803940112156
Te_3672_480.csv,25.7654371311738
Te_3672_481.csv,25.867958533112628
Te_3672_482.csv,27.376233220170285
Te_3672_483.csv,27.270271623580555
Te_3672_484.csv,25.048048731667553
Te_3672_485.csv,27.862049618880217
Te_3672_486.csv,27.923667993533744
Te_3672_487.csv,28.086997120590215
Te_3672_488.csv,26.952000411556448
Te_3672_489.csv,26.792212771886167
Te_3672_490.csv,25.847128844975327
Te_3672_491.csv,26.41303004187215
Te_3672_492.csv,24.665666380750462
Te_3672_493.csv,27.134329661354244
Te_3672_494.csv,25.131571668071594
Te_3672_495.csv,26.549830622914616
Te_3672_496.csv,25.985567653262994
Te_3672_497.csv,26.05959701511744
Te_3672_498.csv,26.989119352606252
Te_3672_499.csv,28.76657248374246
Te_3672_500.csv,24.36500868907175
Te_3678_1.csv,25.981817644100378
Te_3678_2.csv,25.24888758186004
Te_3678_3.csv,26.481891154683595
Te_3678_4.csv,29.961065157536446
Te_3678_5.csv,25.459145404161923
Te_3678_6.csv,26.942407315224326
Te_3678_7.csv,28.88732230779526
Te_3678_8.csv,28.05659716383157
Te_3678_9.csv,27.227493023580465
Te_3678_10.csv,29.829301620709874
Te_3678_11.csv,27.22904950979659
Te_3678_12.csv,25.458610963642148
Te_3678_13.csv,27.481679172559453
Te_3678_14.csv,28.640541769762812
Te_3678_15.csv,28.507392258222904
Te_3678_16.csv,24.64307858331433
Te_3678_17.csv,24.93560255285831
Te_3678_18.csv,26.171800043122914
Te_3678_19.csv,25.244186325352807
Te_3678_20.csv,26.454609530865884
Te_3678_21.csv,27.629299958930854
Te_3678_22.csv,26.42499973587838
Te_3678_23.csv,26.88702239086327
Te_3678_24.csv,27.601094080295713
Te_3678_25.csv,28.126090094395266
Te_3678_26.csv,28.15174723834547
Te_3678_27.csv,26.060527348612737
Te_3678_28.csv,28.37923130513498
Te_3678_29.csv,28.39597800073194
Te_3678_30.csv,26.21046911262382
Te_3678_31.csv,25.501509833686896
Te_3678_32.csv,28.954529085541747
Te_3678_33.csv,25.418893676421398
Te_3678_34.csv,27.585334994859135
Te_3678_35.csv,24.5690571102823
Te_3678_36.csv,28.24392920747135
Te_3678_37.csv,27.84263744124593
Te_3678_38.csv,26.188585447722048
Te_3678_39.csv,28.83069057849183
Te_3678_40.csv,26.233540684289107
Te_3678_41.csv,28.016406099238072
Te_3678_42.csv,26.271317944337603
Te_3678_43.csv,26.634275105706585
Te_3678_44.csv,29.661812196712756
Te_3678_45.csv,28.8284780332927
Te_3678_46.csv,26.748897296839683
Te_3678_47.csv,27.79735019597671
Te_3678_48.csv,25.657797957407208
Te_3678_49.csv,25.142362873643673
Te_3678_50.csv,26.15263642073534
Te_3678_51.csv,28.447534633839425
Te_3678_52.csv,26.73282552370295
Te_3678_53.csv,26.97918785467924
Te_3678_54.csv,28.43442289548038
Te_3678_55.csv,29.132861987134987
Te_3678_56.csv,26.382532899131572
Te_3678_57.csv,26.975856013608137
Te_3678_58.csv,27.643803429561856
Te_3678_59.csv,27.198708181495558
Te_3678_60.csv,24.400871139317264
Te_3678_61.csv,28.101312730285322
Te_3678_62.csv,26.56780907776157
Te_3678_63.csv,28.960890846340355
Te_3678_64.csv,25.57969010388729
Te_3678_65.csv,26.83516329786885
Te_3678_66.csv,27.55942475686379
Te_3678_67.csv,27.567959541178592
Te_3678_68.csv,27.71845134331025
Te_3678_69.csv,28.588125905054618
Te_3678_70.csv,27.550831302141678
Te_3678_71.csv,25.89299654735184
Te_3678_72.csv,28.466105777841083
Te_3678_73.csv,26.731034505237776
Te_3678_74.csv,25.557522751831485
Te_3678_75.csv,25.29925123750469
Te_3678_76.csv,27.764993566208197
Te_3678_77.csv,26.174126372082466
Te_3678_78.csv,27.92714627560973
Te_3678_79.csv,25.41398800809035
Te_3678_80.csv,28.451616425107044
Te_3678_81.csv,24.423944613635886
Te_3678_82.csv,28.804043677742968
Te_3678_83.csv,27.361468733205513
Te_3678_84.csv,27.69189599892923
Te_3678_85.csv,29.494521318098716
Te_3678_86.csv,28.435800315644606
Te_3678_87.csv,25.694546062187953
Te_3678_88.csv,27.564825048529748
Te_3678_89.csv,26.237947597938994
Te_3678_90.csv,26.623595411894662
Te_3678_91.csv,28.857865465798703
Te_3678_92.csv,26.432148124108465
Te_3678_93.csv,27.563046694216887
Te_3678_94.csv,26.296253566264298
Te_3678_95.csv,27.578437844970182
Te_3678_96.csv,26.113375229202934
Te_3678_97.csv,29.38129348375461
Te_3678_98.csv,25.430124487386372
Te_3678_99.csv,25.099166528328077
Te_3678_100.csv,28.00652501838725
Te_3678_101.csv,29.035319348043434
Te_3678_102.csv,27.234873380687716
Te_3678_103.csv,27.783395214217276
Te_3678_104.csv,28.57774446484808
Te_3678_105.csv,28.103657127321828
Te_3678_106.csv,28.562237467354247
Te_3678_107.csv,26.543399170041525
Te_3678_108.csv,25.872181535941813
Te_3678_109.csv,29.706713755482408
Te_3678_110.csv,28.03439572613719
Te_3678_111.csv,26.05601245196856
Te_3678_112.csv,28.454021612270758
Te_3678_113.csv,27.45600841542641
Te_3678_114.csv,25.149929724351253
Te_3678_115.csv,25.0767203880657
Te_3678_116.csv,28.922444289516342
Te_3678_117.csv,27.440730929113023
Te_3678_118.csv,27.851371872559536
Te_3678_119.csv,26.956962537412075
Te_3678_120.csv,27.645945042282108
Te_3678_121.csv,28.976614783781617
Te_3678_122.csv,28.495881690546355
Te_3678_123.csv,27.643313446119283
Te_3678_124.csv,27.02786353853582
Te_3678_125.csv,29.109304484918738
Te_3678_126.csv,27.791421671040027
Te_3678_127.csv,26.729538383190807
Te_3678_128.csv,26.061962187439875
Te_3678_129.csv,26.663840168117282
Te_3678_130.csv,24.66584204000631
Te_3678_131.csv,27.481600606227985
Te_3678_132.csv,24.72351181315621
Te_3678_133.csv,27.784935672016417
Te_3678_134.csv,29.08940185058892
Te_3678_135.csv,28.795621356663787
Te_3678_136.csv,27.16606700450037
Te_3678_137.csv,26.752349792862557
Te_3678_138.csv,26.569757019902355
Te_3678_139.csv,26.86107237525326
Te_3678_140.csv,24.36355836726588
Te_3678_141.csv,24.25944894289848
Te_3678_142.csv,24.867327214089936
Te_3678_143.csv,28.602915721180686
Te_3678_144.csv,26.984606006900734
Te_3678_145.csv,27.211562197364653
Te_3678_146.csv,28.91080583037744
Te_3678_147.csv,27.56971344006774
Te_3678_148.csv,28.288100369102224
Te_3678_149.csv,28.894744211604394
Te_3678_150.csv,28.1671198603949
Te_3678_151.csv,25.79979643965957
Te_3678_152.csv,27.88485327363788
Te_3678_153.csv,26.230606563406578
Te_3678_154.csv,29.24103713794794
Te_3678_155.csv,28.697219576839867
Te_3678_156.csv,25.656585232394285
Te_3678_157.csv,24.124625907913043
Te_3678_158.csv,27.736419708097767
Te_3678_159.csv,26.969637150021335
Te_3678_160.csv,28.107890485070737
Te_3678_161.csv,26.415811889223292
Te_3678_162.csv,27.17421503618936
Te_3678_163.csv,24.357795250984935
Te_3678_164.csv,26.17886186321234
Te_3678_165.csv,27.838270224084486
Te_3678_166.csv,27.925963838572148
Te_3678_167.csv,26.182393223970156
Te_3678_168.csv,27.523113374308938
Te_3678_169.csv,26.014612993725517
Te_3678_170.csv,25.065183780555913
Te_3678_171.csv,26.096746374103077
Te_3678_172.csv,24.85725687274591
Te_3678_173.csv,25.178669272400423
Te_3678_174.csv,28.692685344550586
Te_3678_175.csv,29.015161600164323
Te_3678_176.csv,28.63968116440259
Te_3678_177.csv,25.83745130950772
Te_3678_178.csv,24.776044375870768
Te_3678_179.csv,26.241273631850493
Te_3678_180.csv,24.485055345360614
Te_3678_181.csv,25.198732432297724
Te_3678_182.csv,28.65662029939712
Te_3678_183.csv,25.845571953159435
Te_3678_184.csv,27.67635598755024
Te_3678_185.csv,25.86081297416711
Te_3678_186.csv,26.095770936224174
Te_3678_187.csv,24.72945925479543
Te_3678_188.csv,26.16229938399928
Te_3678_189.csv,24.78923744203431
Te_3678_190.csv,27.291849055765702
Te_3678_191.csv,26.85904552404855
Te_3678_192.csv,25.60341624246815
Te_3678_193.csv,27.99642669737777
Te_3678_194.csv,27.858129324251436
Te_3678_195.csv,28.887058711679064
Te_3678_196.csv,26.25413863351266
Te_3678_197.csv,27.206188810010573
Te_3678_198.csv,26.024928042880457
Te_3678_199.csv,28.37837918775167
Te_3678_200.csv,27.140801181541754
Te_3678_201.csv,29.265716532699024
Te_3678_202.csv,25.80965464970621
Te_3678_203.csv,27.63946597610769
Te_3678_204.csv,26.963964308792704
Te_3678_205.csv,26.53324098401384
Te_3678_206.csv,25.750695517749474
Te_3678_207.csv,26.490228649482784
Te_3678_208.csv,27.502414586420795
Te_3678_209.csv,26.488575468880576
Te_3678_210.csv,27.119407289817666
Te_3678_211.csv,27.271796787891184
Te_3678_212.csv,24.947695173770853
Te_3678_213.csv,30.65256439714193
Te_3678_214.csv,27.802969402538384
Te_3678_215.csv,28.461360860315974
Te_3678_216.csv,29.073010934994628
Te_3678_217.csv,28.68866988645422
Te_3678_218.csv,27.591511252968658
Te_3678_219.csv,28.223410258764016
Te_3678_220.csv,27.50371207402356
Te_3678_221.csv,26.298673373713427
Te_3678_222.csv,27.136854469666453
Te_3678_223.csv,26.346719103589013
Te_3678_224.csv,25.66729701048482
Te_3678_225.csv,27.229998686013815
Te_3678_226.csv,28.94268398911082
Te_3678_227.csv,27.30057760269362
Te_3678_228.csv,26.40124774758126
Te_3678_229.csv,25.35027370918165
Te_3678_230.csv,28.583138009516944
Te_3678_231.csv,28.81019845673806
Te_3678_232.csv,26.294455040225543
Te_3678_233.csv,26.334189126675213
Te_3678_234.csv,28.176409950550696
Te_3678_235.csv,26.94377899498803
Te_3678_236.csv,26.17180886862304
Te_3678_237.csv,26.73303840973674
Te_3678_238.csv,25.033304057690643
Te_3678_239.csv,27.385784197818914
Te_3678_240.csv,29.40183452084994
Te_3678_241.csv,27.984515413260073
Te_3678_242.csv,27.89168390658402
Te_3678_243.csv,26.802796465080135
Te_3678_244.csv,27.68281027559675
Te_3678_245.csv,27.710679698984034
Te_3678_246.csv,24.892516363833145
Te_3678_247.csv,29.441573283065495
Te_3678_248.csv,27.60505848429687
Te_3678_249.csv,27.311926944723897
Te_3678_250.csv,26.979738391432587
Te_3678_251.csv,26.54283582833026
Te_3678_252.csv,27.7801942547788
Te_3678_253.csv,26.375728109917958
Te_3678_254.csv,28.14106931373463
Te_3678_255.csv,24.081663949786904
Te_3678_256.csv,24.938644143773516
Te_3678_257.csv,25.153227889732936
Te_3678_258.csv,29.400595385570092
Te_3678_259.csv,29.515344519443715
Te_3678_260.csv,27.409914475151254
Te_3678_261.csv,27.915971961203308
Te_3678_262.csv,26.02508369884804
Te_3678_263.csv,29.1280072943674
Te_3678_264.csv,28.166640353814703
Te_3678_265.csv,27.02067093044112
Te_3678_266.csv,30.305184184837227
Te_3678_267.csv,28.12218228409662
Te_3678_268.csv,26.635250883626494
Te_3678_269.csv,29.048640243103677
Te_3678_270.csv,25.34469558303758
Te_3678_271.csv,27.22272483027354
Te_3678_272.csv,26.99336740071588
Te_3678_273.csv,28.547684544352983
Te_3678_274.csv,29.11407687979694
Te_3678_275.csv,27.551408444836984
Te_3678_276.csv,26.561003104362236
Te_3678_277.csv,27.47663442035442
Te_3678_278.csv,25.185739833729727
Te_3678_279.csv,27.355359695577015
Te_3678_280.csv,25.461336637813304
Te_3678_281.csv,27.9895639658632
Te_3678_282.csv,24.9139881675684
Te_3678_283.csv,26.64283404706367
Te_3678_284.csv,24.618330876860274
Te_3678_285.csv,27.51045946456487
Te_3678_286.csv,27.65175828563799
Te_3678_287.csv,29.751264425125918
Te_3678_288.csv,26.626926766218755
Te_3678_289.csv,27.86717014289587
Te_3678_290.csv,27.53276355253025
Te_3678_291.csv,26.774638205129214
Te_3678_292.csv,27.06761860717146
Te_3678_293.csv,27.167334053169576
Te_3678_294.csv,29.770351429385354
Te_3678_295.csv,26.295667069032216
Te_3678_296.csv,29.083705532049024
Te_3678_297.csv,28.69338498567359
Te_3678_298.csv,27.148307504525402
Te_3678_299.csv,25.50945872340421
Te_3678_300.csv,26.96120389702505
Te_3678_301.csv,26.461616417799387
Te_3678_302.csv,25.46478753411301
Te_3678_303.csv,28.29799039537469
Te_3678_304.csv,26.23683107137264
Te_3678_305.csv,26.818447368113414
Te_3678_306.csv,27.118946961259244
Te_3678_307.csv,27.459830045764054
Te_3678_308.csv,27.384664640686683
Te_3678_309.csv,28.642403224243857
Te_3678_310.csv,26.76606815935098
Te_3678_311.csv,28.51398701495897
Te_3678_312.csv,28.983087440480862
Te_3678_313.csv,26.276093030342338
Te_3678_314.csv,27.143255948341483
Te_3678_315.csv,28.79970229565389
Te_3678_316.csv,27.68183188978018
Te_3678_317.csv,28.327811156642642
Te_3678_318.csv,27.05446007986947
Te_3678_319.csv,27.691894903125323
Te_3678_320.csv,26.628552623212794
Te_3678_321.csv,26.256413296425865
Te_3678_322.csv,26.749180779656992
Te_3678_323.csv,24.813995850727963
Te_3678_324.csv,26.827003277236436
Te_3678_325.csv,27.272367591690767
Te_3678_326.csv,24.123999931931735
Te_3678_327.csv,26.729802706870554
Te_3678_328.csv,26.581676182706904
Te_3678_329.csv,27.71307699301252
Te_3678_330.csv,27.073414108631237
Te_3678_331.csv,26.0058680458535
Te_3678_332.csv,27.54273731037096
Te_3678_333.csv,25.233438999215412
Te_3678_334.csv,27.53657370469982
Te_3678_335.csv,26.022131426724822
Te_3678_336.csv,25.717047747805193
Te_3678_337.csv,24.834886730259438
Te_3678_338.csv,25.832613614983927
Te_3678_339.csv,28.523827071469984
Te_3678_340.csv,27.406992477022722
Te_3678_341.csv,27.911054318036662
Te_3678_342.csv,25.252804251705037
Te_3678_343.csv,27.319296457139522
Te_3678_344.csv,24.90758103547466
Te_3678_345.csv,27.220726921516693
Te_3678_346.csv,26.720364710630303
Te_3678_347.csv,26.270119997052692
Te_3678_348.csv,27.44145780109741
Te_3678_349.csv,27.42219607363498
Te_3678_350.csv,26.343082965429733
Te_3678_351.csv,26.712479915192628
Te_3678_352.csv,25.438657798076935
Te_3678_353.csv,27.394379910953184
Te_3678_354.csv,25.89233396867234
Te_3678_355.csv,26.432205178856574
Te_3678_356.csv,28.247291966579798
Te_3678_357.csv,25.5246709087951
Te_3678_358.csv,26.65299341583492
Te_3678_359.csv,27.91892040546494
Te_3678_360.csv,26.686250793250174
Te_3678_361.csv,27.993904951856532
Te_3678_362.csv,26.74026310200852
Te_3678_363.csv,25.129096399629024
Te_3678_364.csv,28.56105809896932
Te_3678_365.csv,28.540003629359475
Te_3678_366.csv,26.53341809231447
Te_3678_367.csv,25.97315306533769
Te_3678_368.csv,27.50157786665078
Te_3678_369.csv,27.64699897062506
Te_3678_370.csv,27.65356450177514
Te_3678_371.csv,26.633057149296445
Te_3678_372.csv,28.525175142329683
Te_3678_373.csv,26.677905604916344
Te_3678_374.csv,28.016888605203757
Te_3678_375.csv,27.594825415437587
Te_3678_376.csv,27.774622850836458
Te_3678_377.csv,26.79950309300837
Te_3678_378.csv,25.28063302518761
Te_3678_379.csv,27.299563860029213
Te_3678_380.csv,25.36847541740601
Te_3678_381.csv,25.58457690748087
Te_3678_382.csv,25.992398795217603
Te_3678_383.csv,26.196275527235507
Te_3678_384.csv,27.52664402689233
Te_3678_385.csv,25.42349037093982
Te_3678_386.csv,25.4057775227234
Te_3678_387.csv,24.54249020062897
Te_3678_388.csv,25.45771597633368
Te_3678_389.csv,27.05233337516297
Te_3678_390.csv,24.75021478925456
Te_3678_391.csv,28.559291719542028
Te_3678_392.csv,25.58529682394676
Te_3678_393.csv,27.523323144945792
Te_3678_394.csv,26.53252840876305
Te_3678_395.csv,26.938577337423116
Te_3678_396.csv,26.476734171558135
Te_3678_397.csv,27.810208843285697
Te_3678_398.csv,27.971496875871114
Te_3678_399.csv,27.05236581834744
Te_3678_400.csv,28.549176291096067
Te_3678_401.csv,26.664084770654757
Te_3678_402.csv,27.441884810323582
Te_3678_403.csv,28.21889064909069
Te_3678_404.csv,27.83084267592584
Te_3678_405.csv,27.587532306659497
Te_3678_406.csv,26.543665663944466
Te_3678_407.csv,27.13043496932615
Te_3678_408.csv,27.917703793812016
Te_3678_409.csv,25.1363702317501
Te_3678_410.csv,26.76107968375885
Te_3678_411.csv,25.342549470851832
Te_3678_412.csv,27.24671010038263
Te_3678_413.csv,28.443728133582283
Te_3678_414.csv,27.242424568256432
Te_3678_415.csv,26.988077212301327
Te_3678_416.csv,25.068986324855032
Te_3678_417.csv,28.792867986724687
Te_3678_418.csv,27.05737410221965
Te_3678_419.csv,28.536758360483926
Te_3678_420.csv,28.376837204084012
Te_3678_421.csv,25.249158353172177
Te_3678_422.csv,28.41902165238776
Te_3678_423.csv,26.649970777672674
Te_3678_424.csv,27.548935627776828
Te_3678_425.csv,29.371116937580574
Te_3678_426.csv,24.966582270230436
Te_3678_427.csv,25.39790160396265
Te_3678_428.csv,27.80335760918833
Te_3678_429.csv,28.588554828992955
Te_3678_430.csv,27.01437077256108
Te_3678_431.csv,27.564643905681372
Te_3678_432.csv,26.77420168733806
Te_3678_433.csv,24.38621543507107
Te_3678_434.csv,27.819031667195755
Te_3678_435.csv,26.206519668644052
Te_3678_436.csv,25.4161884437946
Te_3678_437.csv,29.001234254938787
Te_3678_438.csv,30.060321389325097
Te_3678_439.csv,25.89612139847229
Te_3678_440.csv,27.408595037423375
Te_3678_441.csv,28.01493446995661
Te_3678_442.csv,24.149341929688088
Te_3678_443.csv,28.141316844037576
Te_3678_444.csv,27.762899898316455
Te_3678_445.csv,25.693357916998313
Te_3678_446.csv,27.370477307756527
Te_3678_447.csv,27.460292998804125
Te_3678_448.csv,27.88389525809407
Te_3678_449.csv,27.39139537511482
Te_3678_450.csv,26.05721182894473
Te_3678_451.csv,24.138265383975416
Te_3678_452.csv,25.816169063360583
Te_3678_453.csv,28.004160942851048
Te_3678_454.csv,27.700766376152124
Te_3678_455.csv,26.089511118604932
Te_3678_456.csv,27.83566253615518
Te_3678_457.csv,28.735029250082178
Te_3678_458.csv,27.178012059779654
Te_3678_459.csv,25.713576046231363
Te_3678_460.csv,29.086198468627224
Te_3678_461.csv,26.9032298079858
Te_3678_462.csv,28.389247365649393
Te_3678_463.csv,28.886541702779766
Te_3678_464.csv,25.720262905786846
Te_3678_465.csv,28.26997117068608
Te_3678_466.csv,27.1837792987589
Te_3678_467.csv,28.090751528300338
Te_3678_468.csv,25.69092881033966
Te_3678_469.csv,26.226351125294972
Te_3678_470.csv,26.721675799632393
Te_3678_471.csv,27.293328605354066
Te_3678_472.csv,24.83974801174449
Te_3678_473.csv,25.692293397667534
Te_3678_474.csv,28.429144832556823
Te_3678_475.csv,27.449009203990464
Te_3678_476.csv,24.383237866862434
Te_3678_477.csv,26.276852180146825
Te_3678_478.csv,26.231573613115668
Te_3678_479.csv,24.385080297324
Te_3678_480.csv,27.46932243842259
Te_3678_481.csv,28.1191697148258
Te_3678_482.csv,27.0849656947797
Te_3678_483.csv,27.835395163882833
Te_3678_484.csv,27.563462601425254
Te_3678_485.csv,25.707831043706605
Te_3678_486.csv,27.182293855594946
Te_3678_487.csv,26.954853532857772
Te_3678_488.csv,28.45018526805518
Te_3678_489.csv,25.072599219822543
Te_3678_490.csv,27.739500447126964
Te_3678_491.csv,26.48788751362697
Te_3678_492.csv,26.17827727223063
Te_3678_493.csv,28.258047982769092
Te_3678_494.csv,27.16056071094818
Te_3678_495.csv,25.094185758702412
Te_3678_496.csv,27.694680788997715
Te_3678_497.csv,26.708866555173866
Te_3678_498.csv,26.355302929124793
Te_3678_499.csv,27.53556364223725
Te_3678_500.csv,26.291004956045253
Te_3684_1.csv,26.774162083028095
Te_3684_2.csv,29.72614532067075
Te_3684_3.csv,29.108593439225793
Te_3684_4.csv,28.083880639912383
Te_3684_5.csv,26.788222538550837
Te_3684_6.csv,27.734035079696497
Te_3684_7.csv,28.48845115063939
Te_3684_8.csv,28.430781515098417
Te_3684_9.csv,23.882370328678025
Te_3684_10.csv,26.42372178729364
Te_3684_11.csv,29.98684866574795
Te_3684_12.csv,29.1684297833283
Te_3684_13.csv,28.140333157262386
Te_3684_14.csv,28.81816275360885
Te_3684_15.csv,26.698074945624377
Te_3684_16.csv,26.638938702484033
Te_3684_17.csv,30.407543720166725
Te_3684_18.csv,25.064809760305078
Te_3684_19.csv,28.63219650467233
Te_3684_20.csv,29.466589268542226
Te_3684_21.csv,26.98300657894792
Te_3684_22.csv,28.67276653283466
Te_3684_23.csv,28.731135736846277
Te_3684_24.csv,29.030091439896935
Te_3684_25.csv,25.22085866538456
Te_3684_26.csv,26.862993204829394
Te_3684_27.csv,29.157459188147573
Te_3684_28.csv,27.396319239554344
Te_3684_29.csv,27.198716290717165
Te_3684_30.csv,26.044052200697106
Te_3684_31.csv,28.612922128223047
Te_3684_32.csv,30.486456701122197
Te_3684_33.csv,27.857100973026103
Te_3684_34.csv,27.535699618630968
Te_3684_35.csv,25.900235668983658
Te_3684_36.csv,26.58613228277365
Te_3684_37.csv,27.380482383420247
Te_3684_38.csv,25.951133848988324
Te_3684_39.csv,26.862049275717453
Te_3684_40.csv,28.08190001161142
Te_3684_41.csv,27.112282635139085
Te_3684_42.csv,27.793012229276943
Te_3684_43.csv,29.84593174540928
Te_3684_44.csv,26.2450343632976
Te_3684_45.csv,27.510058379137867
Te_3684_46.csv,27.322577953445876
Te_3684_47.csv,28.80423575038267
Te_3684_48.csv,28.174857876193332
Te_3684_49.csv,29.373307779039223
Te_3684_50.csv,29.472941177464612
Te_3684_51.csv,25.774347335021332
Te_3684_52.csv,27.697377464839963
Te_3684_53.csv,28.50796649891172
Te_3684_54.csv,25.884835424362873
Te_3684_55.csv,25.478494210745108
Te_3684_56.csv,27.676015989548237
Te_3684_57.csv,28.81275186199371
Te_3684_58.csv,26.831320441365857
Te_3684_59.csv,29.07710747045328
Te_3684_60.csv,26.920545351792363
Te_3684_61.csv,26.372805398793457
Te_3684_62.csv,27.4917641214285
Te_3684_63.csv,27.695106343531748
Te_3684_64.csv,29.244848552806733
Te_3684_65.csv,28.87397724294626
Te_3684_66.csv,25.963351951188997
Te_3684_67.csv,27.374604663952855
Te_3684_68.csv,28.510601985632253
Te_3684_69.csv,28.40460365815155
Te_3684_70.csv,27.212337278490427
Te_3684_71.csv,29.3132494137279
Te_3684_72.csv,28.71970141258223
Te_3684_73.csv,28.118172318592382
Te_3684_74.csv,26.63215543932746
Te_3684_75.csv,26.946588155810762
Te_3684_76.csv,29.318132456789645
Te_3684_77.csv,26.988794466675074
Te_3684_78.csv,29.26590336605553
Te_3684_79.csv,27.953715789468255
Te_3684_80.csv,27.311165206973524
Te_3684_81.csv,28.61287743179511
Te_3684_82.csv,30.196176044502398
Te_3684_83.csv,28.600330048092044
Te_3684_84.csv,28.92740371603252
Te_3684_85.csv,28.046422001927443
Te_3684_86.csv,27.661360998118177
Te_3684_87.csv,27.02173319347086
Te_3684_88.csv,29.003857451670896
Te_3684_89.csv,27.382393968316645
Te_3684_90.csv,27.705407721500077
Te_3684_91.csv,27.001508648939218
Te_3684_92.csv,26.890777991730072
Te_3684_93.csv,27.393856394917517
Te_3684_94.csv,26.830989173601058
Te_3684_95.csv,28.452123665003988
Te_3684_96.csv,26.156969897498595
Te_3684_97.csv,26.35595748913548
Te_3684_98.csv,29.061064213473845
Te_3684_99.csv,25.725061961861563
Te_3684_100.csv,27.71471778646697
Te_3684_101.csv,27.866186924994953
Te_3684_102.csv,28.464772034326582
Te_3684_103.csv,29.16558756492765
Te_3684_104.csv,26.666999153253542
Te_3684_105.csv,28.128424282578784
Te_3684_106.csv,29.390450452754873
Te_3684_107.csv,29.178693867273438
Te_3684_108.csv,27.608002156912832
Te_3684_109.csv,28.324546433954414
Te_3684_110.csv,29.848449311095507
Te_3684_111.csv,28.339926503312856
Te_3684_112.csv,26.43861184085231
Te_3684_113.csv,29.300189906013948
Te_3684_114.csv,25.735190517133056
Te_3684_115.csv,28.22464159595354
Te_3684_116.csv,29.169527916840913
Te_3684_117.csv,27.64340690277527
Te_3684_118.csv,26.529785043152458
Te_3684_119.csv,29.077799230573085
Te_3684_120.csv,24.327322001026083
Te_3684_121.csv,28.14855819627121
Te_3684_122.csv,28.41488602614502
Te_3684_123.csv,29.388651004591836
Te_3684_124.csv,28.351934778509836
Te_3684_125.csv,28.18686999388518
Te_3684_126.csv,26.65977016487056
Te_3684_127.csv,26.760498452041148
Te_3684_128.csv,26.477666832460812
Te_3684_129.csv,27.05696857293118
Te_3684_130.csv,29.23889645824959
Te_3684_131.csv,27.49864482020026
Te_3684_132.csv,26.918982236672157
Te_3684_133.csv,25.6616517814743
Te_3684_134.csv,27.828279341493506
Te_3684_135.csv,24.98007981212558
Te_3684_136.csv,27.265112491714476
Te_3684_137.csv,28.26768352681537
Te_3684_138.csv,26.852405449132863
Te_3684_139.csv,26.21213200188661
Te_3684_140.csv,25.978934748301644
Te_3684_141.csv,29.581902149232572
Te_3684_142.csv,25.986828966699953
Te_3684_143.csv,27.500341549502902
Te_3684_144.csv,28.591320056133746
Te_3684_145.csv,27.35073576946834
Te_3684_146.csv,26.36231737569287
Te_3684_147.csv,28.206446573220166
Te_3684_148.csv,28.875136061023063
Te_3684_149.csv,26.74271314820678
Te_3684_150.csv,28.88255487928652
Te_3684_151.csv,28.322000572970687
Te_3684_152.csv,25.932010344216696
Te_3684_153.csv,26.544140779581152
Te_3684_154.csv,26.141152239296876
Te_3684_155.csv,28.283543926977966
Te_3684_156.csv,25.724815569144464
Te_3684_157.csv,26.26195756667691
Te_3684_158.csv,27.272040852020147
Te_3684_159.csv,27.79894334991717
Te_3684_160.csv,26.000986660576597
Te_3684_161.csv,28.656767250389276
Te_3684_162.csv,29.184925228337896
Te_3684_163.csv,25.341589068555688
Te_3684_164.csv,28.86199408350509
Te_3684_165.csv,27.712825535811508
Te_3684_166.csv,27.232668505698538
Te_3684_167.csv,27.03282802371754
Te_3684_168.csv,28.71626797856351
Te_3684_169.csv,28.09048264591701
Te_3684_170.csv,28.67744015461034
Te_3684_171.csv,24.795390561988256
Te_3684_172.csv,27.48474457634874
Te_3684_173.csv,27.324890479986063
Te_3684_174.csv,27.507963408788687
Te_3684_175.csv,28.186066785185787
Te_3684_176.csv,26.835724440818648
Te_3684_177.csv,29.097332855191258
Te_3684_178.csv,28.042906695075175
Te_3684_179.csv,26.403461889908197
Te_3684_180.csv,25.440105258512382
Te_3684_181.csv,28.12739297736486
Te_3684_182.csv,29.64451953106532
Te_3684_183.csv,25.979321185651745
Te_3684_184.csv,26.241303152718046
Te_3684_185.csv,27.720811098445942
Te_3684_186.csv,26.864497866583697
Te_3684_187.csv,27.300730394179105
Te_3684_188.csv,27.321840863879505
Te_3684_189.csv,25.389144784380672
Te_3684_190.csv,26.247280698529348
Te_3684_191.csv,29.030012978042084
Te_3684_192.csv,29.374190057475218
Te_3684_193.csv,28.18773771869567
Te_3684_194.csv,25.62692294356429
Te_3684_195.csv,28.137462297362003
Te_3684_196.csv,26.750646953539995
Te_3684_197.csv,28.873464328318036
Te_3684_198.csv,27.026762211891857
Te_3684_199.csv,26.749010674302536
Te_3684_200.csv,28.03239123860605
Te_3684_201.csv,28.83672828907482
Te_3684_202.csv,28.6197795165896
Te_3684_203.csv,29.45774617539627
Te_3684_204.csv,27.330326702927508
Te_3684_205.csv,27.229983802551637
Te_3684_206.csv,26.344352873408443
Te_3684_207.csv,26.755182094103134
Te_3684_208.csv,27.02941278367034
Te_3684_209.csv,29.766178149090177
Te_3684_210.csv,27.666092911200963
Te_3684_211.csv,28.868932422932325
Te_3684_212.csv,27.26315779195121
Te_3684_213.csv,26.500227285795706
Te_3684_214.csv,27.22073347661879
Te_3684_215.csv,27.44061839082663
Te_3684_216.csv,29.483244945323143
Te_3684_217.csv,26.715754830043686
Te_3684_218.csv,25.785511233334336
Te_3684_219.csv,27.551861552871653
Te_3684_220.csv,26.01375522716387
Te_3684_221.csv,25.52594825142035
Te_3684_222.csv,27.266556721309453
Te_3684_223.csv,30.057055030488854
Te_3684_224.csv,26.13800303157128
Te_3684_225.csv,27.01392474144919
Te_3684_226.csv,29.43031122159546
Te_3684_227.csv,26.272807147809424
Te_3684_228.csv,29.022595143467395
Te_3684_229.csv,24.310581518135372
Te_3684_230.csv,28.629271763667024
Te_3684_231.csv,27.059283471540592
Te_3684_232.csv,28.106914955288072
Te_3684_233.csv,26.49149194887415
Te_3684_234.csv,29.080907508582463
Te_3684_235.csv,28.52051878964032
Te_3684_236.csv,27.93187560670796
Te_3684_237.csv,27.2570223841869
Te_3684_238.csv,28.303093828226295
Te_3684_239.csv,27.338257306241758
Te_3684_240.csv,28.71321750778403
Te_3684_241.csv,29.100931310047056
Te_3684_242.csv,28.546801413062845
Te_3684_243.csv,27.78871660818352
Te_3684_244.csv,26.383702449555315
Te_3684_245.csv,27.48762422791648
Te_3684_246.csv,30.23995601035451
Te_3684_247.csv,28.415171492458807
Te_3684_248.csv,26.21787252266093
Te_3684_249.csv,28.083577470612063
Te_3684_250.csv,27.5168641316969
Te_3684_251.csv,27.37348085237563
Te_3684_252.csv,26.34921226330949
Te_3684_253.csv,26.49759710948579
Te_3684_254.csv,28.964462563708526
Te_3684_255.csv,26.437175606120253
Te_3684_256.csv,26.526762306663127
Te_3684_257.csv,28.57912877205125
Te_3684_258.csv,28.139754887070335
Te_3684_259.csv,27.480267119396707
Te_3684_260.csv,27.411561294427543
Te_3684_261.csv,28.335816036624763
Te_3684_262.csv,28.4924896117838
Te_3684_263.csv,26.611968783943222
Te_3684_264.csv,26.043288493450415
Te_3684_265.csv,26.85495697289224
Te_3684_266.csv,28.10085907307686
Te_3684_267.csv,29.029242840642933
Te_3684_268.csv,27.16690911844822
Te_3684_269.csv,30.367306663639674
Te_3684_270.csv,28.149619977272216
Te_3684_271.csv,27.722137586765424
Te_3684_272.csv,27.94003377981606
Te_3684_273.csv,27.176810730540065
Te_3684_274.csv,26.92017927901529
Te_3684_275.csv,27.00260134536215
Te_3684_276.csv,29.792069788560298
Te_3684_277.csv,28.987228947179673
Te_3684_278.csv,30.49644275281891
Te_3684_279.csv,28.003439435532393
Te_3684_280.csv,29.443917307368547
Te_3684_281.csv,25.063750789222755
Te_3684_282.csv,27.172146844427495
Te_3684_283.csv,28.933069834638598
Te_3684_284.csv,25.32104641536118
Te_3684_285.csv,22.29002392612313
Te_3684_286.csv,24.511557355013
Te_3684_287.csv,27.04043410862801
Te_3684_288.csv,27.707091215795202
Te_3684_289.csv,28.931866558248693
Te_3684_290.csv,27.851476072180887
Te_3684_291.csv,28.56205540939976
Te_3684_292.csv,25.112393025955704
Te_3684_293.csv,25.53414319495425
Te_3684_294.csv,28.97953511219062
Te_3684_295.csv,28.562829204813685
Te_3684_296.csv,26.597790413014927
Te_3684_297.csv,28.051355813534887
Te_3684_298.csv,27.897206444786725
Te_3684_299.csv,26.716263083096862
Te_3684_300.csv,27.157370790936685
Te_3684_301.csv,30.825194286780416
Te_3684_302.csv,28.690971993064757
Te_3684_303.csv,27.672826187337776
Te_3684_304.csv,25.35005184590241
Te_3684_305.csv,27.67871704363136
Te_3684_306.csv,27.662641682400853
Te_3684_307.csv,29.38540545067915
Te_3684_308.csv,27.842060215611802
Te_3684_309.csv,29.717195843106456
Te_3684_310.csv,27.939201816068405
Te_3684_311.csv,29.120702923754035
Te_3684_312.csv,30.46350710467019
Te_3684_313.csv,25.842740842794214
Te_3684_314.csv,25.862228991020324
Te_3684_315.csv,27.410342070592502
Te_3684_316.csv,25.679694261921906
Te_3684_317.csv,26.011721143221095
Te_3684_318.csv,26.77878541250563
Te_3684_319.csv,29.643132173247558
Te_3684_320.csv,29.495097338182266
Te_3684_321.csv,26.3947270761905
Te_3684_322.csv,28.96468196387773
Te_3684_323.csv,26.294278625471893
Te_3684_324.csv,26.595079353271963
Te_3684_325.csv,27.107358453367308
Te_3684_326.csv,27.28693046967578
Te_3684_327.csv,27.832816316086536
Te_3684_328.csv,28.181794250561214
Te_3684_329.csv,26.761617686902174
Te_3684_330.csv,26.64797585362384
Te_3684_331.csv,26.440074886330343
Te_3684_332.csv,29.08209045112359
Te_3684_333.csv,28.32081684985431
Te_3684_334.csv,24.95246063889997
Te_3684_335.csv,26.478676679894416
Te_3684_336.csv,29.031611147000802
Te_3684_337.csv,27.59682528566356
Te_3684_338.csv,29.705952340608672
Te_3684_339.csv,27.2614061582103
Te_3684_340.csv,26.457514286005207
Te_3684_341.csv,30.034098640563602
Te_3684_342.csv,28.507801484322435
Te_3684_343.csv,25.233433358302044
Te_3684_344.csv,28.475960205699174
Te_3684_345.csv,27.512408307243888
Te_3684_346.csv,28.100670552436256
Te_3684_347.csv,28.555333123541022
Te_3684_348.csv,28.032433026459405
Te_3684_349.csv,25.86402272867556
Te_3684_350.csv,27.966796079489992
Te_3684_351.csv,28.651132033219827
Te_3684_352.csv,28.285046675136815
Te_3684_353.csv,28.407653789975218
Te_3684_354.csv,26.86937520751196
Te_3684_355.csv,27.0228507891446
Te_3684_356.csv,29.52838534457447
Te_3684_357.csv,27.549162409923056
Te_3684_358.csv,28.71112384530368
Te_3684_359.csv,26.917643348950886
Te_3684_360.csv,28.407797417093846
Te_3684_361.csv,27.016887295730644
Te_3684_362.csv,26.83469162265822
Te_3684_363.csv,27.97124149488231
Te_3684_364.csv,27.85615164120997
Te_3684_365.csv,27.81479651492038
Te_3684_366.csv,26.57409362593283
Te_3684_367.csv,28.73687115613924
Te_3684_368.csv,29.96553679394603
Te_3684_369.csv,28.53830453622059
Te_3684_370.csv,25.161190053215147
Te_3684_371.csv,27.409745532259084
Te_3684_372.csv,28.381732333886532
Te_3684_373.csv,24.143833986898656
Te_3684_374.csv,24.77084264597896
Te_3684_375.csv,25.266965131527904
Te_3684_376.csv,25.534775274207828
Te_3684_377.csv,29.61741101657805
Te_3684_378.csv,29.92768901414427
Te_3684_379.csv,28.23576714846659
Te_3684_380.csv,28.000155847522418
Te_3684_381.csv,23.98791529239641
Te_3684_382.csv,28.68833056126877
Te_3684_383.csv,27.582809271975897
Te_3684_384.csv,26.992912911520214
Te_3684_385.csv,27.054348482797142
Te_3684_386.csv,28.684083341339235
Te_3684_387.csv,26.132180378906124
Te_3684_388.csv,26.8151372707685
Te_3684_389.csv,26.947371410864324
Te_3684_390.csv,28.96134518097554
Te_3684_391.csv,27.404115013947663
Te_3684_392.csv,30.06972272743614
Te_3684_393.csv,27.689250926502005
Te_3684_394.csv,26.32425894171606
Te_3684_395.csv,26.91075317016669
Te_3684_396.csv,28.982626481055455
Te_3684_397.csv,26.85492051441421
Te_3684_398.csv,28.09955023990723
Te_3684_399.csv,29.575884038956342
Te_3684_400.csv,29.927054961817404
Te_3684_401.csv,26.46907135410725
Te_3684_402.csv,26.76146232201549
Te_3684_403.csv,24.86746548617119
Te_3684_404.csv,26.646666817434802
Te_3684_405.csv,27.918592325193266
Te_3684_406.csv,27.708231144911746
Te_3684_407.csv,26.603153264860673
Te_3684_408.csv,28.02834967233676
Te_3684_409.csv,27.672872244980297
Te_3684_410.csv,28.111422180444993
Te_3684_411.csv,29.30327140717828
Te_3684_412.csv,27.30308395709431
Te_3684_413.csv,28.167026253877236
Te_3684_414.csv,28.195323968613216
Te_3684_415.csv,28.595966089983904
Te_3684_416.csv,26.211318186199918
Te_3684_417.csv,28.07932092098247
Te_3684_418.csv,27.912619020270142
Te_3684_419.csv,28.110423080268895
Te_3684_420.csv,28.353683505904787
Te_3684_421.csv,26.545314178622057
Te_3684_422.csv,27.282025259491093
Te_3684_423.csv,28.013456277485062
Te_3684_424.csv,28.95466515572366
Te_3684_425.csv,28.331987402439804
Te_3684_426.csv,24.899073435679057
Te_3684_427.csv,26.61144026544743
Te_3684_428.csv,28.337109011934707
Te_3684_429.csv,28.70644391022315
Te_3684_430.csv,25.509692150947988
Te_3684_431.csv,27.845902295726003
Te_3684_432.csv,28.810280386021752
Te_3684_433.csv,27.703777962649962
Te_3684_434.csv,28.237919301024625
Te_3684_435.csv,28.233382863727787
Te_3684_436.csv,29.569679697787713
Te_3684_437.csv,27.330475306838046
Te_3684_438.csv,26.35234444435729
Te_3684_439.csv,28.64949204063169
Te_3684_440.csv,28.339530185949954
Te_3684_441.csv,26.073060831643467
Te_3684_442.csv,26.84766816918639
Te_3684_443.csv,25.6308422162066
Te_3684_444.csv,27.636170929876364
Te_3684_445.csv,26.500978777482665
Te_3684_446.csv,27.698064151925475
Te_3684_447.csv,25.972751034024014
Te_3684_448.csv,27.37236842366941
Te_3684_449.csv,27.547205461312135
Te_3684_450.csv,29.25663004481434
Te_3684_451.csv,29.53397828502966
Te_3684_452.csv,27.147811981216535
Te_3684_453.csv,26.48222774004969
Te_3684_454.csv,27.612732349813992
Te_3684_455.csv,28.544138327209104
Te_3684_456.csv,28.03565642155224
Te_3684_457.csv,28.53091942991288
Te_3684_458.csv,27.47562184454694
Te_3684_459.csv,30.351160999370386
Te_3684_460.csv,28.372125716831338
Te_3684_461.csv,26.965989359521203
Te_3684_462.csv,24.902724665752988
Te_3684_463.csv,29.999744710628917
Te_3684_464.csv,28.934614329688422
Te_3684_465.csv,29.05789043995987
Te_3684_466.csv,26.116743517567603
Te_3684_467.csv,28.365237931772324
Te_3684_468.csv,29.185381348462347
Te_3684_469.csv,29.725993660375785
Te_3684_470.csv,27.45608556514787
Te_3684_471.csv,29.21196994857851
Te_3684_472.csv,23.704998048763713
Te_3684_473.csv,27.39131503660517
Te_3684_474.csv,28.37514715292899
Te_3684_475.csv,27.674456481920167
Te_3684_476.csv,24.922473826013142
Te_3684_477.csv,28.97076755292524
Te_3684_478.csv,27.68039782291135
Te_3684_479.csv,29.267638670874955
Te_3684_480.csv,29.637828377194193
Te_3684_481.csv,30.660204703689434
Te_3684_482.csv,28.680820289510894
Te_3684_483.csv,26.988466062733277
Te_3684_484.csv,28.920680949134173
Te_3684_485.csv,26.37262427530068
Te_3684_486.csv,28.651964940167765
Te_3684_487.csv,27.487076339054042
Te_3684_488.csv,28.496697495547664
Te_3684_489.csv,27.9406216794921
Te_3684_490.csv,25.001887669011193
Te_3684_491.csv,28.01451478428591
Te_3684_492.csv,26.44023917293418
Te_3684_493.csv,28.47548604721869
Te_3684_494.csv,26.564899424002018
Te_3684_495.csv,29.378293866345583
Te_3684_496.csv,28.200797507405476
Te_3684_497.csv,27.218293066296862
Te_3684_498.csv,28.768791982969542
Te_3684_499.csv,27.483816144427653
Te_3684_500.csv,28.404314292162503
Te_3690_1.csv,27.271918931101844
Te_3690_2.csv,28.52394308249718
Te_3690_3.csv,29.44560513337554
Te_3690_4.csv,26.032266076372423
Te_3690_5.csv,26.465975259676284
Te_3690_6.csv,28.053939700204833
Te_3690_7.csv,27.32363817130838
Te_3690_8.csv,26.972840720346326
Te_3690_9.csv,28.111432521697445
Te_3690_10.csv,28.904593897107585
Te_3690_11.csv,27.501477070673143
Te_3690_12.csv,26.80757457093973
Te_3690_13.csv,28.00288543718526
Te_3690_14.csv,27.781693840060917
Te_3690_15.csv,27.337164756864862
Te_3690_16.csv,29.03571998710883
Te_3690_17.csv,28.130214957179103
Te_3690_18.csv,27.971555403452687
Te_3690_19.csv,28.12843889488024
Te_3690_20.csv,29.69089815977424
Te_3690_21.csv,28.762455818043552
Te_3690_22.csv,28.854209896401837
Te_3690_23.csv,27.592050338261632
Te_3690_24.csv,29.712385569802237
Te_3690_25.csv,27.967964976738354
Te_3690_26.csv,29.020661213928438
Te_3690_27.csv,29.28790180862566
Te_3690_28.csv,27.32846850175166
Te_3690_29.csv,27.440284538037673
Te_3690_30.csv,28.73534438420458
Te_3690_31.csv,28.791263631782332
Te_3690_32.csv,27.317970566337447
Te_3690_33.csv,28.11543163027685
Te_3690_34.csv,26.88286559240985
Te_3690_35.csv,26.175367451596852
Te_3690_36.csv,28.371763676559507
Te_3690_37.csv,28.5906276798945
Te_3690_38.csv,27.536416878807056
Te_3690_39.csv,28.83898798099663
Te_3690_40.csv,27.218528213936747
Te_3690_41.csv,27.103625829752502
Te_3690_42.csv,28.13010286211789
Te_3690_43.csv,28.72462338260661
Te_3690_44.csv,26.62682217939542
Te_3690_45.csv,28.955501234776126
Te_3690_46.csv,27.99506493547579
Te_3690_47.csv,29.428609246841436
Te_3690_48.csv,26.74480228266313
Te_3690_49.csv,27.863416489510417
Te_3690_50.csv,28.266035494370527
Te_3690_51.csv,30.17783436794116
Te_3690_52.csv,27.05066087942787
Te_3690_53.csv,27.62730206180771
Te_3690_54.csv,30.172749283381908
Te_3690_55.csv,29.663974155980778
Te_3690_56.csv,26.622191766809213
Te_3690_57.csv,27.68251888354092
Te_3690_58.csv,25.8313823775564
Te_3690_59.csv,29.699908093338586
Te_3690_60.csv,25.522041227481413
Te_3690_61.csv,27.660491458399548
Te_3690_62.csv,29.80885824646431
Te_3690_63.csv,28.430320098395217
Te_3690_64.csv,27.739355009085845
Te_3690_65.csv,28.038314251044348
Te_3690_66.csv,27.6127427796361
Te_3690_67.csv,29.13446070906282
Te_3690_68.csv,28.597858380574
Te_3690_69.csv,26.898968629245882
Te_3690_70.csv,28.468321596626822
Te_3690_71.csv,29.613571431237848
Te_3690_72.csv,26.946397920433146
Te_3690_73.csv,29.419405300026067
Te_3690_74.csv,27.30103955365499
Te_3690_75.csv,25.698105337591326
Te_3690_76.csv,29.219207929383202
Te_3690_77.csv,27.41377594032796
Te_3690_78.csv,29.255117648524397
Te_3690_79.csv,28.94240805113048
Te_3690_80.csv,28.705777185096466
Te_3690_81.csv,28.701808097767078
Te_3690_82.csv,27.523852914955118
Te_3690_83.csv,29.594526590957155
Te_3690_84.csv,28.7294339049432
Te_3690_85.csv,30.500238645535973
Te_3690_86.csv,27.439579324898503
Te_3690_87.csv,27.373134795801633
Te_3690_88.csv,26.735305960394932
Te_3690_89.csv,27.33324976681968
Te_3690_90.csv,28.24113559082007
Te_3690_91.csv,26.937939160040592
Te_3690_92.csv,28.41229748609498
Te_3690_93.csv,27.783699690663834
Te_3690_94.csv,28.739515157179536
Te_3690_95.csv,27.893443446862197
Te_3690_96.csv,27.76605361580286
Te_3690_97.csv,28.70367235990836
Te_3690_98.csv,28.53199408085776
Te_3690_99.csv,29.236504666521885
Te_3690_100.csv,26.94611690427693
Te_3690_101.csv,26.407954534018405
Te_3690_102.csv,26.093469520907355
Te_3690_103.csv,27.96962552195794
Te_3690_104.csv,28.85069530276311
Te_3690_105.csv,27.87656243502192
Te_3690_106.csv,28.181784530209203
Te_3690_107.csv,28.838981159244852
Te_3690_108.csv,27.92567432472447
Te_3690_109.csv,26.594142761635496
Te_3690_110.csv,27.82064406699703
Te_3690_111.csv,29.337775359819112
Te_3690_112.csv,26.91349310520266
Te_3690_113.csv,27.336876416245325
Te_3690_114.csv,27.423398929808386
Te_3690_115.csv,27.165202976760128
Te_3690_116.csv,28.58596401688464
Te_3690_117.csv,28.43167742349495
Te_3690_118.csv,27.41076250952614
Te_3690_119.csv,27.04625360912922
Te_3690_120.csv,28.03601043750278
Te_3690_121.csv,29.740290896544277
Te_3690_122.csv,28.3045104176961
Te_3690_123.csv,26.75478030689927
Te_3690_124.csv,27.147631280267774
Te_3690_125.csv,28.080872121578246
Te_3690_126.csv,28.22801880620964
Te_3690_127.csv,25.51636628372383
Te_3690_128.csv,28.713885600944657
Te_3690_129.csv,28.907638190870873
Te_3690_130.csv,28.156204223084487
Te_3690_131.csv,28.68031108346933
Te_3690_132.csv,28.632501438587955
Te_3690_133.csv,28.02779770663462
Te_3690_134.csv,25.743257233507258
Te_3690_135.csv,29.379966743049106
Te_3690_136.csv,29.324996535349555
Te_3690_137.csv,28.04738042044361
Te_3690_138.csv,25.851682312870206
Te_3690_139.csv,28.468153912209164
Te_3690_140.csv,27.296713951835113
Te_3690_141.csv,27.153017085919615
Te_3690_142.csv,26.226857740548873
Te_3690_143.csv,26.603772087716095
Te_3690_144.csv,27.43776361712168
Te_3690_145.csv,29.18066235281731
Te_3690_146.csv,27.860535944926045
Te_3690_147.csv,28.809889680102227
Te_3690_148.csv,28.75258203845639
Te_3690_149.csv,25.488656953711832
Te_3690_150.csv,27.76732521356719
Te_3690_151.csv,27.604972006698382
Te_3690_152.csv,27.517824945359738
Te_3690_153.csv,26.00374251128451
Te_3690_154.csv,27.707471635729984
Te_3690_155.csv,28.996122239257982
Te_3690_156.csv,26.028337486859908
Te_3690_157.csv,30.31086074522046
Te_3690_158.csv,29.337250625686263
Te_3690_159.csv,28.766958203983855
Te_3690_160.csv,28.572552663359335
Te_3690_161.csv,29.784948970460004
Te_3690_162.csv,28.905009496675987
Te_3690_163.csv,27.678565013782716
Te_3690_164.csv,27.450291165180097
Te_3690_165.csv,26.82931236347998
Te_3690_166.csv,28.168703126305136
Te_3690_167.csv,26.964512573518395
Te_3690_168.csv,27.110172111735444
Te_3690_169.csv,30.184145680537608
Te_3690_170.csv,27.973111678524393
Te_3690_171.csv,29.20307285749864
Te_3690_172.csv,28.013876865059636
Te_3690_173.csv,28.415077860563454
Te_3690_174.csv,29.330861780162774
Te_3690_175.csv,29.518578391473863
Te_3690_176.csv,25.12975713102134
Te_3690_177.csv,28.355377356406994
Te_3690_178.csv,26.022450990753647
Te_3690_179.csv,29.702825679546542
Te_3690_180.csv,27.666751888524498
Te_3690_181.csv,29.965302688724762
Te_3690_182.csv,26.80287550438074
Te_3690_183.csv,29.06493349986758
Te_3690_184.csv,27.782457128347563
Te_3690_185.csv,27.19638064384583
Te_3690_186.csv,26.932332844359962
Te_3690_187.csv,30.459570060644186
Te_3690_188.csv,26.464921105152662
Te_3690_189.csv,26.21849931977198
Te_3690_190.csv,30.370639357072065
Te_3690_191.csv,29.887041341841584
Te_3690_192.csv,28.613467647311438
Te_3690_193.csv,28.67710721272574
Te_3690_194.csv,29.73013047016948
Te_3690_195.csv,27.61225187156363
Te_3690_196.csv,27.837869275099195
Te_3690_197.csv,25.759127943026602
Te_3690_198.csv,30.443577888948308
Te_3690_199.csv,26.836470567021344
Te_3690_200.csv,27.628930019692405
Te_3690_201.csv,28.33505764315758
Te_3690_202.csv,27.039752157925157
Te_3690_203.csv,29.08925216337764
Te_3690_204.csv,28.495521793303173
Te_3690_205.csv,29.343173216700905
Te_3690_206.csv,27.070227132790464
Te_3690_207.csv,27.50241145930799
Te_3690_208.csv,29.960074958943604
Te_3690_209.csv,27.488355403214513
Te_3690_210.csv,27.33026898474692
Te_3690_211.csv,26.920471590835437
Te_3690_212.csv,28.57985145396372
Te_3690_213.csv,28.80619937222974
Te_3690_214.csv,28.515086536289466
Te_3690_215.csv,30.072559209279685
Te_3690_216.csv,26.625280868030295
Te_3690_217.csv,24.69153882252717
Te_3690_218.csv,27.00647927738433
Te_3690_219.csv,29.717946304010137
Te_3690_220.csv,26.378616781820433
Te_3690_221.csv,29.04205730480492
Te_3690_222.csv,28.381101081643127
Te_3690_223.csv,26.740221912795555
Te_3690_224.csv,29.95473296567555
Te_3690_225.csv,28.857468262216347
Te_3690_226.csv,30.069654334664232
Te_3690_227.csv,27.151226688316903
Te_3690_228.csv,29.890572148688285
Te_3690_229.csv,29.097256422169647
Te_3690_230.csv,28.670158910743762
Te_3690_231.csv,28.672189639528792
Te_3690_232.csv,27.905331922174955
Te_3690_233.csv,26.545829901896532
Te_3690_234.csv,28.115201083759903
Te_3690_235.csv,27.294058254462787
Te_3690_236.csv,24.48094499503894
Te_3690_237.csv,27.127757503059016
Te_3690_238.csv,26.931278544837394
Te_3690_239.csv,26.95281386277861
Te_3690_240.csv,29.409659226784086
Te_3690_241.csv,27.941150510697813
Te_3690_242.csv,28.90618748912498
Te_3690_243.csv,29.68241920903358
Te_3690_244.csv,28.3730206345276
Te_3690_245.csv,29.82669962128532
Te_3690_246.csv,28.803141814430365
Te_3690_247.csv,24.417293479097072
Te_3690_248.csv,28.321496774468578
Te_3690_249.csv,29.03097037785956
Te_3690_250.csv,30.184751304916777
Te_3690_251.csv,23.70209820930455
Te_3690_252.csv,25.526907208569714
Te_3690_253.csv,28.141357257868588
Te_3690_254.csv,28.884258748268877
Te_3690_255.csv,26.085365506839185
Te_3690_256.csv,27.75311013101631
Te_3690_257.csv,27.03430723629617
Te_3690_258.csv,27.986450600107524
Te_3690_259.csv,28.97737239171366
Te_3690_260.csv,29.900300913255403
Te_3690_261.csv,28.42504176545021
Te_3690_262.csv,28.872725798700003
Te_3690_263.csv,25.740771587977825
Te_3690_264.csv,29.16073737397238
Te_3690_265.csv,27.620769479475705
Te_3690_266.csv,27.804599272496933
Te_3690_267.csv,28.166383102558832
Te_3690_268.csv,27.19451496004923
Te_3690_269.csv,27.424624237551644
Te_3690_270.csv,27.533613973986043
Te_3690_271.csv,29.34389775250036
Te_3690_272.csv,27.433468324958735
Te_3690_273.csv,28.06034879721708
Te_3690_274.csv,25.334979390434412
Te_3690_275.csv,27.46871062785421
Te_3690_276.csv,27.77997300431313
Te_3690_277.csv,27.459756951358912
Te_3690_278.csv,28.80177829128776
Te_3690_279.csv,27.22225636693972
Te_3690_280.csv,26.819659391809562
Te_3690_281.csv,29.33932595401539
Te_3690_282.csv,28.133556736812395
Te_3690_283.csv,27.09359574746059
Te_3690_284.csv,30.379668987597594
Te_3690_285.csv,25.736591454818456
Te_3690_286.csv,29.863602572674292
Te_3690_287.csv,28.937573913488926
Te_3690_288.csv,29.589796691601297
Te_3690_289.csv,28.622422427621952
Te_3690_290.csv,26.96904745493394
Te_3690_291.csv,27.0074158250381
Te_3690_292.csv,26.879650534859664
Te_3690_293.csv,29.07200288223954
Te_3690_294.csv,27.023088311285452
Te_3690_295.csv,28.31448750298515
Te_3690_296.csv,28.33459156502433
Te_3690_297.csv,26.759476291726966
Te_3690_298.csv,30.806059975526548
Te_3690_299.csv,29.86959078486826
Te_3690_300.csv,27.905643919918642
Te_3690_301.csv,27.243837220474337
Te_3690_302.csv,29.542833685798133
Te_3690_303.csv,28.64005492258389
Te_3690_304.csv,27.52124900522783
Te_3690_305.csv,29.860166445409487
Te_3690_306.csv,30.392562025204928
Te_3690_307.csv,28.93986660604208
Te_3690_308.csv,28.77928161427991
Te_3690_309.csv,27.776412297110543
Te_3690_310.csv,27.396136493046416
Te_3690_311.csv,27.300956570075183
Te_3690_312.csv,29.431339204113485
Te_3690_313.csv,26.622440038458013
Te_3690_314.csv,29.481448881394467
Te_3690_315.csv,26.770260723789438
Te_3690_316.csv,24.330950860951866
Te_3690_317.csv,29.003432051475414
Te_3690_318.csv,27.67848968149169
Te_3690_319.csv,28.949850150131912
Te_3690_320.csv,28.365170196423573
Te_3690_321.csv,27.77728254967822
Te_3690_322.csv,28.1179677750523
Te_3690_323.csv,28.2775943836261
Te_3690_324.csv,27.952481845981893
Te_3690_325.csv,29.189818088145017
Te_3690_326.csv,29.373907801789414
Te_3690_327.csv,30.360580415949766
Te_3690_328.csv,29.74897723682576
Te_3690_329.csv,25.336649071365102
Te_3690_330.csv,26.725962187187214
Te_3690_331.csv,27.669652570514653
Te_3690_332.csv,30.335156430060866
Te_3690_333.csv,27.695440939160832
Te_3690_334.csv,27.685534213514917
Te_3690_335.csv,28.275820238873653
Te_3690_336.csv,26.53592019168384
Te_3690_337.csv,28.065187473448912
Te_3690_338.csv,28.621161584486295
Te_3690_339.csv,27.187469201396226
Te_3690_340.csv,26.75075703376439
Te_3690_341.csv,28.09669518034786
Te_3690_342.csv,25.836901167980574
Te_3690_343.csv,26.705922014114677
Te_3690_344.csv,29.2437590067994
Te_3690_345.csv,27.55389139205335
Te_3690_346.csv,27.731849007511826
Te_3690_347.csv,27.137345583585677
Te_3690_348.csv,28.422764908403853
Te_3690_349.csv,27.594213388153904
Te_3690_350.csv,28.781034992229042
Te_3690_351.csv,28.055736904357204
Te_3690_352.csv,26.901636480084324
Te_3690_353.csv,27.14148987359858
Te_3690_354.csv,27.530189739015903
Te_3690_355.csv,28.3581115810815
Te_3690_356.csv,29.07700710538886
Te_3690_357.csv,29.540301030631227
Te_3690_358.csv,26.593265876944596
Te_3690_359.csv,28.065500205159324
Te_3690_360.csv,28.29290636936405
Te_3690_361.csv,28.79881827118149
Te_3690_362.csv,26.39299708854314
Te_3690_363.csv,27.777842210751764
Te_3690_364.csv,25.708996040890256
Te_3690_365.csv,28.686230802764374
Te_3690_366.csv,27.6903632590315
Te_3690_367.csv,24.949472410200126
Te_3690_368.csv,28.128923261315972
Te_3690_369.csv,29.006609150295795
Te_3690_370.csv,25.93775165122278
Te_3690_371.csv,28.075474292576523
Te_3690_372.csv,30.670311699267568
Te_3690_373.csv,29.643522768374087
Te_3690_374.csv,27.50728520226187
Te_3690_375.csv,28.687837615822264
Te_3690_376.csv,27.723542952459066
Te_3690_377.csv,29.094500215642093
Te_3690_378.csv,28.34794108070966
Te_3690_379.csv,29.94297134380629
Te_3690_380.csv,26.882660601594193
Te_3690_381.csv,27.863265709029644
Te_3690_382.csv,29.06814679270149
Te_3690_383.csv,28.81019047116568
Te_3690_384.csv,26.91386825982248
Te_3690_385.csv,29.793791368363596
Te_3690_386.csv,27.269865164158507
Te_3690_387.csv,29.12336684745944
Te_3690_388.csv,25.814078722325927
Te_3690_389.csv,26.168932537763425
Te_3690_390.csv,26.303605766662024
Te_3690_391.csv,29.683730059699133
Te_3690_392.csv,27.94444353255951
Te_3690_393.csv,28.530051988401706
Te_3690_394.csv,28.27543032060094
Te_3690_395.csv,28.387070059660697
Te_3690_396.csv,26.1163721264521
Te_3690_397.csv,29.60324883141974
Te_3690_398.csv,30.100291793978624
Te_3690_399.csv,27.419641742297905
Te_3690_400.csv,28.66865145226701
Te_3690_401.csv,28.473795153641564
Te_3690_402.csv,30.55873880316873
Te_3690_403.csv,29.195010286613016
Te_3690_404.csv,25.81653503653602
Te_3690_405.csv,25.604463539872736
Te_3690_406.csv,27.48144073959698
Te_3690_407.csv,27.532954416397004
Te_3690_408.csv,29.87813516438072
Te_3690_409.csv,27.985657166969144
Te_3690_410.csv,28.91124327358757
Te_3690_411.csv,26.663685910012205
Te_3690_412.csv,27.15822515542356
Te_3690_413.csv,28.480832287313884
Te_3690_414.csv,27.67750203012752
Te_3690_415.csv,29.01920972371188
Te_3690_416.csv,26.881366895715704
Te_3690_417.csv,24.983621547884137
Te_3690_418.csv,25.74720843024157
Te_3690_419.csv,27.523828151388066
Te_3690_420.csv,26.259332584420886
Te_3690_421.csv,28.52338822742042
Te_3690_422.csv,29.80226175246026
Te_3690_423.csv,25.969710230035574
Te_3690_424.csv,28.917717136697043
Te_3690_425.csv,26.055869299794026
Te_3690_426.csv,28.948077940238946
Te_3690_427.csv,28.902371498866536
Te_3690_428.csv,28.563136226631713
Te_3690_429.csv,27.12717105886355
Te_3690_430.csv,28.11893114497163
Te_3690_431.csv,27.328921536547288
Te_3690_432.csv,28.769309699556075
Te_3690_433.csv,27.351518259212707
Te_3690_434.csv,30.209498240478833
Te_3690_435.csv,28.013884972780364
Te_3690_436.csv,26.521254503149034
Te_3690_437.csv,27.792494899413924
Te_3690_438.csv,29.667602577906933
Te_3690_439.csv,26.378943956107953
Te_3690_440.csv,29.64750717523106
Te_3690_441.csv,27.255428311384918
Te_3690_442.csv,28.72364061460653
Te_3690_443.csv,28.082126379686706
Te_3690_444.csv,26.377155710887255
Te_3690_445.csv,27.306280235972118
Te_3690_446.csv,26.66178837371287
Te_3690_447.csv,29.88209012887065
Te_3690_448.csv,29.214453801076598
Te_3690_449.csv,30.37069509502123
Te_3690_450.csv,27.997629610371053
Te_3690_451.csv,30.527724938719253
Te_3690_452.csv,28.313614511870423
Te_3690_453.csv,28.98196447739371
Te_3690_454.csv,26.346677504662317
Te_3690_455.csv,28.274167511471994
Te_3690_456.csv,25.8926669717875
Te_3690_457.csv,28.132581581139746
Te_3690_458.csv,29.12504173335501
Te_3690_459.csv,27.108985541193725
Te_3690_460.csv,27.142808012012917
Te_3690_461.csv,28.19562129321481
Te_3690_462.csv,30.091851891700852
Te_3690_463.csv,27.229515627551432
Te_3690_464.csv,28.690333029510185
Te_3690_465.csv,26.090369003877566
Te_3690_466.csv,28.260188813675455
Te_3690_467.csv,28.063670184047027
Te_3690_468.csv,25.995879002133854
Te_3690_469.csv,25.028117763478665
Te_3690_470.csv,28.014731862288492
Te_3690_471.csv,27.074199429836916
Te_3690_472.csv,28.168785311528033
Te_3690_473.csv,28.812473844850295
Te_3690_474.csv,28.802872022455837
Te_3690_475.csv,28.91153006082695
Te_3690_476.csv,26.17932100017194
Te_3690_477.csv,28.683653221042814
Te_3690_478.csv,27.9375532923113
Te_3690_479.csv,26.041481303299392
Te_3690_480.csv,25.426306480219186
Te_3690_481.csv,26.354272516660114
Te_3690_482.csv,29.186853146333085
Te_3690_483.csv,24.973286786397235
Te_3690_484.csv,27.127229688765535
Te_3690_485.csv,28.935232830099633
Te_3690_486.csv,30.137932541961625
Te_3690_487.csv,29.25107236988912
Te_3690_488.csv,26.884662581937263
Te_3690_489.csv,25.2719372096997
Te_3690_490.csv,26.28727974651466
Te_3690_491.csv,27.349744270672584
Te_3690_492.csv,31.125191796815074
Te_3690_493.csv,25.781745299505815
Te_3690_494.csv,29.057554244365054
Te_3690_495.csv,28.439993857167877
Te_3690_496.csv,27.440743008545486
Te_3690_497.csv,27.32049789907453
Te_3690_498.csv,25.506385427290496
Te_3690_499.csv,26.272167265778933
Te_3690_500.csv,27.232615525326114
Te_3696_1.csv,26.577661554816636
Te_3696_2.csv,29.376628570853978
Te_3696_3.csv,26.688679011903705
Te_3696_4.csv,27.033590153908467
Te_3696_5.csv,28.038016859770202
Te_3696_6.csv,27.936812710653765
Te_3696_7.csv,27.5467205479822
Te_3696_8.csv,29.214345392751024
Te_3696_9.csv,26.71208468322218
Te_3696_10.csv,28.110488771071314
Te_3696_11.csv,29.36112747651669
Te_3696_12.csv,27.421178062744882
Te_3696_13.csv,29.025085259528034
Te_3696_14.csv,31.647504132095627
Te_3696_15.csv,26.457088852916954
Te_3696_16.csv,29.56244614576587
Te_3696_17.csv,30.048371008311985
Te_3696_18.csv,26.93893165962867
Te_3696_19.csv,29.389039865626465
Te_3696_20.csv,28.22470857461774
Te_3696_21.csv,27.463573556786955
Te_3696_22.csv,29.356888245580105
Te_3696_23.csv,28.784859780847015
Te_3696_24.csv,28.574017516100213
Te_3696_25.csv,27.223287261800255
Te_3696_26.csv,29.258251619279843
Te_3696_27.csv,29.84033492389808
Te_3696_28.csv,28.968611542591365
Te_3696_29.csv,29.631862250811206
Te_3696_30.csv,30.78848396640892
Te_3696_31.csv,30.690053026239717
Te_3696_32.csv,26.37276865555968
Te_3696_33.csv,27.612954570188762
Te_3696_34.csv,28.834986567311855
Te_3696_35.csv,30.762058280483362
Te_3696_36.csv,26.72884171934889
Te_3696_37.csv,29.075957366105115
Te_3696_38.csv,27.75436446866142
Te_3696_39.csv,28.408973412575648
Te_3696_40.csv,30.853770928225405
Te_3696_41.csv,28.583375101483263
Te_3696_42.csv,29.256468295888375
Te_3696_43.csv,25.56289929684851
Te_3696_44.csv,30.48969171230507
Te_3696_45.csv,26.693008260061095
Te_3696_46.csv,29.09131666687239
Te_3696_47.csv,29.066084592473572
Te_3696_48.csv,28.841661568493887
Te_3696_49.csv,26.954698195460594
Te_3696_50.csv,29.65032691527724
Te_3696_51.csv,28.196797511004082
Te_3696_52.csv,28.923768045692736
Te_3696_53.csv,27.790160437745946
Te_3696_54.csv,29.42027818807567
Te_3696_55.csv,29.150459688441472
Te_3696_56.csv,26.900835752970234
Te_3696_57.csv,28.588264007124433
Te_3696_58.csv,28.92274880613847
Te_3696_59.csv,29.47560677624545
Te_3696_60.csv,26.167230504929794
Te_3696_61.csv,28.035788285992588
Te_3696_62.csv,30.955038828127684
Te_3696_63.csv,29.74008134098014
Te_3696_64.csv,27.040814877987327
Te_3696_65.csv,28.642851518314536
Te_3696_66.csv,27.588931436827124
Te_3696_67.csv,27.705305384830297
Te_3696_68.csv,27.882279265018838
Te_3696_69.csv,27.787084580412408
Te_3696_70.csv,27.652297415833306
Te_3696_71.csv,28.255724491104594
Te_3696_72.csv,28.57039816321191
Te_3696_73.csv,31.08414965377985
Te_3696_74.csv,28.01522898152197
Te_3696_75.csv,27.104477661284843
Te_3696_76.csv,28.21981129799057
Te_3696_77.csv,27.096901816020907
Te_3696_78.csv,29.557057832803803
Te_3696_79.csv,27.153642284985448
Te_3696_80.csv,25.825818444147064
Te_3696_81.csv,28.679780109221035
Te_3696_82.csv,29.398727556464134
Te_3696_83.csv,27.951408565703336
Te_3696_84.csv,28.43220005804748
Te_3696_85.csv,26.662145613178605
Te_3696_86.csv,27.996779923770738
Te_3696_87.csv,28.404674324956737
Te_3696_88.csv,30.0257481547476
Te_3696_89.csv,30.15397168279928
Te_3696_90.csv,28.347717329018174
Te_3696_91.csv,28.875853329288194
Te_3696_92.csv,28.778151271024377
Te_3696_93.csv,28.885608590366942
Te_3696_94.csv,29.34250868469694
Te_3696_95.csv,27.209589009862334
Te_3696_96.csv,28.698427295714467
Te_3696_97.csv,28.725598542595
Te_3696_98.csv,29.609200562866818
Te_3696_99.csv,28.689292372733885
Te_3696_100.csv,29.503590298663795
Te_3696_101.csv,29.90251954816144
Te_3696_102.csv,28.097712208654773
Te_3696_103.csv,28.567818674644876
Te_3696_104.csv,28.354726960378066
Te_3696_105.csv,29.40557547337609
Te_3696_106.csv,28.879419705993403
Te_3696_107.csv,29.02780376833278
Te_3696_108.csv,28.732856275725773
Te_3696_109.csv,26.590073709307205
Te_3696_110.csv,29.051953645403973
Te_3696_111.csv,25.853467054887044
Te_3696_112.csv,29.5962057195269
Te_3696_113.csv,30.23525944519664
Te_3696_114.csv,28.299904753290715
Te_3696_115.csv,28.218139470229413
Te_3696_116.csv,26.260852373379944
Te_3696_117.csv,27.09772490604277
Te_3696_118.csv,27.52683718856396
Te_3696_119.csv,27.69767549654779
Te_3696_120.csv,28.77792502064699
Te_3696_121.csv,29.105986766659434
Te_3696_122.csv,29.04453218106904
Te_3696_123.csv,29.219613845229272
Te_3696_124.csv,29.45034451741851
Te_3696_125.csv,28.749347817203553
Te_3696_126.csv,29.980709235195636
Te_3696_127.csv,29.13588304859108
Te_3696_128.csv,27.642006249086652
Te_3696_129.csv,26.475658311793122
Te_3696_130.csv,28.84798069396565
Te_3696_131.csv,29.43069370361221
Te_3696_132.csv,27.877105745056767
Te_3696_133.csv,29.717960594595766
Te_3696_134.csv,28.734617691566097
Te_3696_135.csv,27.05709453161298
Te_3696_136.csv,26.2380826154136
Te_3696_137.csv,28.412712030721536
Te_3696_138.csv,25.763997064149375
Te_3696_139.csv,28.774266504903828
Te_3696_140.csv,29.589447023409374
Te_3696_141.csv,29.91563448791235
Te_3696_142.csv,26.931067747969482
Te_3696_143.csv,29.472938873740723
Te_3696_144.csv,29.22883690264567
Te_3696_145.csv,28.962712793993028
Te_3696_146.csv,27.44109971273444
Te_3696_147.csv,28.139989135238086
Te_3696_148.csv,26.818202061461353
Te_3696_149.csv,28.226969517461484
Te_3696_150.csv,24.703336031019838
Te_3696_151.csv,28.353511805018986
Te_3696_152.csv,30.153735032761656
Te_3696_153.csv,30.79534780696474
Te_3696_154.csv,31.31585625653211
Te_3696_155.csv,29.5597034607671
Te_3696_156.csv,25.800056952127278
Te_3696_157.csv,29.702077695440895
Te_3696_158.csv,27.509272006960835
Te_3696_159.csv,28.527883523228684
Te_3696_160.csv,30.129672626998982
Te_3696_161.csv,26.598249823700986
Te_3696_162.csv,26.76153950785002
Te_3696_163.csv,31.490301586758086
Te_3696_164.csv,28.963081973648116
Te_3696_165.csv,28.63785017002185
Te_3696_166.csv,30.351461157868588
Te_3696_167.csv,27.505809808360606
Te_3696_168.csv,27.365469305153407
Te_3696_169.csv,26.510859739662788
Te_3696_170.csv,27.33988399513322
Te_3696_171.csv,26.880769066032038
Te_3696_172.csv,30.01786875929529
Te_3696_173.csv,29.434086387485305
Te_3696_174.csv,29.49540686160757
Te_3696_175.csv,27.98619277605053
Te_3696_176.csv,26.89810056338655
Te_3696_177.csv,28.561617744365638
Te_3696_178.csv,28.534298353922605
Te_3696_179.csv,28.987852324362986
Te_3696_180.csv,30.49473860365669
Te_3696_181.csv,27.19900755574734
Te_3696_182.csv,27.239984052445458
Te_3696_183.csv,28.237701634091568
Te_3696_184.csv,29.982531270259965
Te_3696_185.csv,29.327047498438958
Te_3696_186.csv,28.229289948554932
Te_3696_187.csv,28.32578503908109
Te_3696_188.csv,30.167344932703124
Te_3696_189.csv,28.984095575262106
Te_3696_190.csv,28.772485798016913
Te_3696_191.csv,27.950692791202243
Te_3696_192.csv,27.078478903533103
Te_3696_193.csv,28.64149472139153
Te_3696_194.csv,29.338292579991524
Te_3696_195.csv,28.757399895506854
Te_3696_196.csv,30.19870968519876
Te_3696_197.csv,29.90888737965086
Te_3696_198.csv,29.82755027176872
Te_3696_199.csv,29.000946402643564
Te_3696_200.csv,29.206673521599658
Te_3696_201.csv,29.587082489652374
Te_3696_202.csv,28.915464107088937
Te_3696_203.csv,29.083962277824927
Te_3696_204.csv,27.739628230017352
Te_3696_205.csv,29.210125641251057
Te_3696_206.csv,27.62388284801853
Te_3696_207.csv,28.701833030583405
Te_3696_208.csv,28.60313618781087
Te_3696_209.csv,28.071451715922862
Te_3696_210.csv,29.6409755864761
Te_3696_211.csv,28.9996763862533
Te_3696_212.csv,26.245704232728833
Te_3696_213.csv,29.84775427866156
Te_3696_214.csv,26.228797700391947
Te_3696_215.csv,28.20933016851175
Te_3696_216.csv,28.333409808989035
Te_3696_217.csv,28.90664781462003
Te_3696_218.csv,27.561038066766123
Te_3696_219.csv,31.384973915835392
Te_3696_220.csv,27.944207124905333
Te_3696_221.csv,30.207886816362254
Te_3696_222.csv,30.3910324826125
Te_3696_223.csv,26.7669106814291
Te_3696_224.csv,27.79633007819115
Te_3696_225.csv,26.084139901763578
Te_3696_226.csv,27.81620983297536
Te_3696_227.csv,26.533280579023156
Te_3696_228.csv,29.276758515894564
Te_3696_229.csv,28.509657240038745
Te_3696_230.csv,27.198991788202612
Te_3696_231.csv,29.41349152293455
Te_3696_232.csv,26.6850514631617
Te_3696_233.csv,27.708670331272995
Te_3696_234.csv,28.76237053416631
Te_3696_235.csv,25.38572197533975
Te_3696_236.csv,29.17499272519156
Te_3696_237.csv,29.41569199614575
Te_3696_238.csv,29.43269292236091
Te_3696_239.csv,25.436722762093368
Te_3696_240.csv,26.988140438866548
Te_3696_241.csv,29.762020436443215
Te_3696_242.csv,28.6782708475996
Te_3696_243.csv,30.426044654039096
Te_3696_244.csv,28.455658897898346
Te_3696_245.csv,28.48254069188662
Te_3696_246.csv,29.071594207808438
Te_3696_247.csv,27.467651787610084
Te_3696_248.csv,29.10680841556203
Te_3696_249.csv,29.50712228696218
Te_3696_250.csv,28.89644498795382
Te_3696_251.csv,29.71651956004176
Te_3696_252.csv,30.311051571816584
Te_3696_253.csv,28.025952642605766
Te_3696_254.csv,27.83122491259744
Te_3696_255.csv,29.79386442059987
Te_3696_256.csv,28.572744553536417
Te_3696_257.csv,25.31607123521559
Te_3696_258.csv,27.555136569181585
Te_3696_259.csv,28.938794620881254
Te_3696_260.csv,29.50336420273446
Te_3696_261.csv,29.87780286658638
Te_3696_262.csv,26.56288099440211
Te_3696_263.csv,30.067719428462663
Te_3696_264.csv,29.0405387304058
Te_3696_265.csv,29.27855451422333
Te_3696_266.csv,27.552037483962053
Te_3696_267.csv,27.846676225692846
Te_3696_268.csv,28.748769607727443
Te_3696_269.csv,28.556647097311647
Te_3696_270.csv,28.018979483372192
Te_3696_271.csv,29.718111742901375
Te_3696_272.csv,26.723793806543142
Te_3696_273.csv,28.354533794162617
Te_3696_274.csv,28.15924484851856
Te_3696_275.csv,29.060304571299746
Te_3696_276.csv,27.351001047044104
Te_3696_277.csv,27.72648642285658
Te_3696_278.csv,30.606254531907215
Te_3696_279.csv,29.190255823037642
Te_3696_280.csv,27.819471107018668
Te_3696_281.csv,30.219387244418243
Te_3696_282.csv,28.508999715375435
Te_3696_283.csv,28.36749549396718
Te_3696_284.csv,30.466567039429034
Te_3696_285.csv,29.02008300181324
Te_3696_286.csv,27.22575845256685
Te_3696_287.csv,29.99627388982511
Te_3696_288.csv,29.12880010704912
Te_3696_289.csv,28.051067510109647
Te_3696_290.csv,29.601778157800926
Te_3696_291.csv,30.35884821084542
Te_3696_292.csv,28.8901629863612
Te_3696_293.csv,27.74668357099805
Te_3696_294.csv,28.01036362935529
Te_3696_295.csv,28.33391451515553
Te_3696_296.csv,29.314001893107488
Te_3696_297.csv,28.82928988177527
Te_3696_298.csv,28.740704727649945
Te_3696_299.csv,27.877789379849293
Te_3696_300.csv,28.325245844763295
Te_3696_301.csv,27.744143683157855
Te_3696_302.csv,28.176683228099396
Te_3696_303.csv,28.429910594055055
Te_3696_304.csv,28.921504941086162
Te_3696_305.csv,28.644274371603856
Te_3696_306.csv,29.239127663565963
Te_3696_307.csv,28.245030898649443
Te_3696_308.csv,30.819569213321007
Te_3696_309.csv,28.320529371657766
Te_3696_310.csv,28.131167300113123
Te_3696_311.csv,29.504940292940237
Te_3696_312.csv,29.1048614520543
Te_3696_313.csv,30.7187744841166
Te_3696_314.csv,27.550125845603382
Te_3696_315.csv,28.75249300608698
Te_3696_316.csv,29.959861592711672
Te_3696_317.csv,30.55664158197161
Te_3696_318.csv,26.824596027625113
Te_3696_319.csv,28.328312350864888
Te_3696_320.csv,28.41577675318716
Te_3696_321.csv,29.185303871094785
Te_3696_322.csv,26.662706434238387
Te_3696_323.csv,28.095946550359294
Te_3696_324.csv,30.306745116891793
Te_3696_325.csv,29.011177774142524
Te_3696_326.csv,29.779798286592964
Te_3696_327.csv,27.67457335163617
Te_3696_328.csv,29.278558628165733
Te_3696_329.csv,29.06132668991321
Te_3696_330.csv,27.502126680987296
Te_3696_331.csv,29.02178742280285
Te_3696_332.csv,27.84557967028044
Te_3696_333.csv,27.67710197098031
Te_3696_334.csv,29.549533047118228
Te_3696_335.csv,26.224827723122537
Te_3696_336.csv,29.741633342442533
Te_3696_337.csv,26.279065970187354
Te_3696_338.csv,28.143735565596742
Te_3696_339.csv,28.94041741142955
Te_3696_340.csv,27.75739196938525
Te_3696_341.csv,29.5292760673282
Te_3696_342.csv,26.42511829467205
Te_3696_343.csv,28.080210047878957
Te_3696_344.csv,30.309326416642012
Te_3696_345.csv,29.08813430651089
Te_3696_346.csv,28.080072918407197
Te_3696_347.csv,29.12982831427704
Te_3696_348.csv,29.756133953233824
Te_3696_349.csv,28.086268988515137
Te_3696_350.csv,28.77999320471103
Te_3696_351.csv,27.22617775854073
Te_3696_352.csv,29.19862878917416
Te_3696_353.csv,27.395438678573598
Te_3696_354.csv,29.525720461390726
Te_3696_355.csv,29.159379591291454
Te_3696_356.csv,30.181608619739144
Te_3696_357.csv,28.67227655132908
Te_3696_358.csv,29.93688135652314
Te_3696_359.csv,27.394546895455278
Te_3696_360.csv,30.194399545332846
Te_3696_361.csv,28.940053143142595
Te_3696_362.csv,29.856744562014228
Te_3696_363.csv,28.46565857396898
Te_3696_364.csv,28.589569588186674
Te_3696_365.csv,30.389156641466347
Te_3696_366.csv,28.898131212950222
Te_3696_367.csv,29.78774679630881
Te_3696_368.csv,29.78763763579589
Te_3696_369.csv,29.095359327225122
Te_3696_370.csv,26.616369780943735
Te_3696_371.csv,26.824454868424382
Te_3696_372.csv,28.96069890589258
Te_3696_373.csv,27.356154601479485
Te_3696_374.csv,27.20563863281744
Te_3696_375.csv,28.838835712945514
Te_3696_376.csv,30.09090712292422
Te_3696_377.csv,29.24152805960064
Te_3696_378.csv,29.465917441385418
Te_3696_379.csv,27.063474620276043
Te_3696_380.csv,29.353269211812844
Te_3696_381.csv,27.710720265392645
Te_3696_382.csv,29.226396406748812
Te_3696_383.csv,27.4235406172366
Te_3696_384.csv,26.51270338218821
Te_3696_385.csv,28.80611956028613
Te_3696_386.csv,28.180588852802757
Te_3696_387.csv,28.986625202977578
Te_3696_388.csv,29.258651029615276
Te_3696_389.csv,28.421118017434356
Te_3696_390.csv,28.42188440468906
Te_3696_391.csv,29.425219038574234
Te_3696_392.csv,29.662445717552306
Te_3696_393.csv,27.792640297974348
Te_3696_394.csv,28.886278514031293
Te_3696_395.csv,26.887179091473914
Te_3696_396.csv,30.035703142544683
Te_3696_397.csv,28.980078890929175
Te_3696_398.csv,28.917011539669193
Te_3696_399.csv,28.97034764464492
Te_3696_400.csv,29.974061330967753
Te_3696_401.csv,29.061409824504945
Te_3696_402.csv,28.743103230781813
Te_3696_403.csv,28.741759473952524
Te_3696_404.csv,27.043333525210606
Te_3696_405.csv,28.160892595013397
Te_3696_406.csv,28.595992411129334
Te_3696_407.csv,27.61867250737372
Te_3696_408.csv,29.450412366666786
Te_3696_409.csv,27.990049917397553
Te_3696_410.csv,30.25946920903049
Te_3696_411.csv,26.2914492578792
Te_3696_412.csv,28.091355552176026
Te_3696_413.csv,26.46017860535714
Te_3696_414.csv,28.886049390331802
Te_3696_415.csv,28.598588201898686
Te_3696_416.csv,26.84087414279361
Te_3696_417.csv,28.29191713788423
Te_3696_418.csv,31.201954040897547
Te_3696_419.csv,29.835067667791236
Te_3696_420.csv,29.62218927081671
Te_3696_421.csv,29.340080708479913
Te_3696_422.csv,28.04271352092478
Te_3696_423.csv,27.47113441559464
Te_3696_424.csv,27.108500961557016
Te_3696_425.csv,28.4654137092343
Te_3696_426.csv,26.701103140659857
Te_3696_427.csv,28.7135908899125
Te_3696_428.csv,28.24297055618975
Te_3696_429.csv,29.02804191851962
Te_3696_430.csv,28.62620938887079
Te_3696_431.csv,28.327473216154047
Te_3696_432.csv,30.823558165699907
Te_3696_433.csv,28.62688931074099
Te_3696_434.csv,30.2758686206936
Te_3696_435.csv,29.2851778030336
Te_3696_436.csv,28.07000311176209
Te_3696_437.csv,29.223123495935123
Te_3696_438.csv,27.873568643005846
Te_3696_439.csv,26.77318425484063
Te_3696_440.csv,30.20819761350497
Te_3696_441.csv,28.36821109696631
Te_3696_442.csv,29.064505952550018
Te_3696_443.csv,28.06347772709676
Te_3696_444.csv,29.0132106089216
Te_3696_445.csv,30.0474514364954
Te_3696_446.csv,29.09000733605903
Te_3696_447.csv,27.166971283164383
Te_3696_448.csv,27.503352479222468
Te_3696_449.csv,26.31763075868019
Te_3696_450.csv,29.546416599581143
Te_3696_451.csv,28.21175294657802
Te_3696_452.csv,29.388032136093678
Te_3696_453.csv,28.867514530387282
Te_3696_454.csv,27.60534853450613
Te_3696_455.csv,27.8282743406432
Te_3696_456.csv,29.54385528171515
Te_3696_457.csv,28.562344047397747
Te_3696_458.csv,30.008838098621556
Te_3696_459.csv,30.17749721205178
Te_3696_460.csv,27.748291753887077
Te_3696_461.csv,26.340552670089895
Te_3696_462.csv,28.858686908984108
Te_3696_463.csv,27.924530171562605
Te_3696_464.csv,26.83361134718199
Te_3696_465.csv,30.5242502414034
Te_3696_466.csv,28.020898749056986
Te_3696_467.csv,28.976290618206413
Te_3696_468.csv,29.333448647729117
Te_3696_469.csv,29.087936078755096
Te_3696_470.csv,29.682760010682188
Te_3696_471.csv,29.65474367070046
Te_3696_472.csv,27.961771762084258
Te_3696_473.csv,28.28595748466595
Te_3696_474.csv,30.21741311924003
Te_3696_475.csv,28.24813957733171
Te_3696_476.csv,27.561235885802823
Te_3696_477.csv,28.217931370947404
Te_3696_478.csv,28.722248973984303
Te_3696_479.csv,30.26435746635273
Te_3696_480.csv,29.464887109716297
Te_3696_481.csv,29.5107974020893
Te_3696_482.csv,28.268168250696323
Te_3696_483.csv,28.907527459840868
Te_3696_484.csv,29.81133750650527
Te_3696_485.csv,28.61451656521945
Te_3696_486.csv,27.920430636562326
Te_3696_487.csv,29.09949641337436
Te_3696_488.csv,28.81229207338985
Te_3696_489.csv,28.509016384327374
Te_3696_490.csv,30.88826698738941
Te_3696_491.csv,28.035454840687567
Te_3696_492.csv,29.872073029850263
Te_3696_493.csv,27.82047398689514
Te_3696_494.csv,26.87345051682804
Te_3696_495.csv,27.258796372184435
Te_3696_496.csv,29.94079776835994
Te_3696_497.csv,26.801705672248207
Te_3696_498.csv,29.50395239545008
Te_3696_499.csv,30.34089080742112
Te_3696_500.csv,29.763801327126167
Te_36102_1.csv,27.980098023490772
Te_36102_2.csv,26.02821131207691
Te_36102_3.csv,28.455730295387646
Te_36102_4.csv,30.506534926273044
Te_36102_5.csv,30.192182635777808
Te_36102_6.csv,27.870345741466576
Te_36102_7.csv,28.369296178452842
Te_36102_8.csv,28.378217652339053
Te_36102_9.csv,28.54302889640664
Te_36102_10.csv,28.06480709909887
Te_36102_11.csv,29.038230812257243
Te_36102_12.csv,28.190991540885534
Te_36102_13.csv,29.39984018291501
Te_36102_14.csv,27.642512791342046
Te_36102_15.csv,28.809912943062745
Te_36102_16.csv,27.701982744061983
Te_36102_17.csv,29.5312511510573
Te_36102_18.csv,29.057074416215997
Te_36102_19.csv,26.515052506993975
Te_36102_20.csv,30.319601046901845
Te_36102_21.csv,29.881003408424245
Te_36102_22.csv,29.10203344987551
Te_36102_23.csv,29.3516002376871
Te_36102_24.csv,29.81337466960647
Te_36102_25.csv,29.9215307846381
Te_36102_26.csv,26.15323688891842
Te_36102_27.csv,27.65491695303854
Te_36102_28.csv,29.70723689195563
Te_36102_29.csv,28.576074892808744
Te_36102_30.csv,28.49585000361825
Te_36102_31.csv,28.42726383606973
Te_36102_32.csv,30.74656125860206
Te_36102_33.csv,29.430178884706432
Te_36102_34.csv,29.098066443598874
Te_36102_35.csv,32.12131104972958
Te_36102_36.csv,30.427940766871114
Te_36102_37.csv,27.97547152687977
Te_36102_38.csv,29.14005204943761
Te_36102_39.csv,28.38849071851161
Te_36102_40.csv,27.122686450410164
Te_36102_41.csv,28.762333228613805
Te_36102_42.csv,29.88309791591712
Te_36102_43.csv,28.142889319054262
Te_36102_44.csv,30.017312009622195
Te_36102_45.csv,28.922922359831425
Te_36102_46.csv,29.307879670811058
Te_36102_47.csv,30.22748493845267
Te_36102_48.csv,29.32209509225215
Te_36102_49.csv,28.267420310889847
Te_36102_50.csv,29.699953567800943
Te_36102_51.csv,28.58782186875799
Te_36102_52.csv,30.174482993605228
Te_36102_53.csv,27.862879473869487
Te_36102_54.csv,29.664946170881
Te_36102_55.csv,30.251668998452228
Te_36102_56.csv,30.07800728906264
Te_36102_57.csv,29.202010479078318
Te_36102_58.csv,28.0348610824866
Te_36102_59.csv,28.19039457650081
Te_36102_60.csv,29.352710626829218
Te_36102_61.csv,30.78478467651406
Te_36102_62.csv,30.28920212804259
Te_36102_63.csv,29.971302895495572
Te_36102_64.csv,29.26621043281122
Te_36102_65.csv,26.938352652332643
Te_36102_66.csv,27.731303312177282
Te_36102_67.csv,27.455432770786484
Te_36102_68.csv,27.721592704063454
Te_36102_69.csv,29.54633959903718
Te_36102_70.csv,30.489441070000293
Te_36102_71.csv,29.13718397802866
Te_36102_72.csv,29.017871110018504
Te_36102_73.csv,26.892364199510205
Te_36102_74.csv,29.575439655611778
Te_36102_75.csv,29.59821503451274
Te_36102_76.csv,28.670819817418856
Te_36102_77.csv,27.50838750689814
Te_36102_78.csv,28.769883908953325
Te_36102_79.csv,26.883371236123395
Te_36102_80.csv,29.66225873809833
Te_36102_81.csv,30.143450556653764
Te_36102_82.csv,28.337233779375968
Te_36102_83.csv,30.222991741606617
Te_36102_84.csv,29.346757992613355
Te_36102_85.csv,29.75448448112671
Te_36102_86.csv,30.175525360325278
Te_36102_87.csv,27.593107430421984
Te_36102_88.csv,27.26031503099953
Te_36102_89.csv,28.919977972999305
Te_36102_90.csv,29.003165258207403
Te_36102_91.csv,28.736731909170995
Te_36102_92.csv,27.58395583408267
Te_36102_93.csv,28.52499934745544
Te_36102_94.csv,29.40665359655312
Te_36102_95.csv,28.815961775988026
Te_36102_96.csv,28.725236190238984
Te_36102_97.csv,30.45987828770367
Te_36102_98.csv,26.783352523850844
Te_36102_99.csv,29.1490275241831
Te_36102_100.csv,28.480943741651778
Te_36102_101.csv,28.325751315693687
Te_36102_102.csv,29.27817697489711
Te_36102_103.csv,27.128782362924234
Te_36102_104.csv,28.329459541179258
Te_36102_105.csv,28.1693322840432
Te_36102_106.csv,30.742258415025223
Te_36102_107.csv,27.14653430057683
Te_36102_108.csv,28.692360352711656
Te_36102_109.csv,29.258989689682256
Te_36102_110.csv,29.27409332320198
Te_36102_111.csv,28.220780211575427
Te_36102_112.csv,27.230404791338387
Te_36102_113.csv,29.15838366848597
Te_36102_114.csv,27.280330630641377
Te_36102_115.csv,29.38056433343899
Te_36102_116.csv,29.1678895131289
Te_36102_117.csv,29.583270367509396
Te_36102_118.csv,29.944593176104277
Te_36102_119.csv,29.49291708278357
Te_36102_120.csv,29.097245786562667
Te_36102_121.csv,28.961972863612704
Te_36102_122.csv,29.72634000586459
Te_36102_123.csv,29.765159512973266
Te_36102_124.csv,28.621681504875117
Te_36102_125.csv,27.06118552162598
Te_36102_126.csv,29.383479147224957
Te_36102_127.csv,27.533159337337544
Te_36102_128.csv,30.089341403276652
Te_36102_129.csv,28.981876728910017
Te_36102_130.csv,26.511669562748633
Te_36102_131.csv,29.134043776734877
Te_36102_132.csv,31.026196624284374
Te_36102_133.csv,29.78466457299006
Te_36102_134.csv,30.378065003585682
Te_36102_135.csv,28.29130870202461
Te_36102_136.csv,29.918533145418227
Te_36102_137.csv,28.35418656259672
Te_36102_138.csv,29.94079380092153
Te_36102_139.csv,27.527652653178546
Te_36102_140.csv,28.8902488460529
Te_36102_141.csv,30.417056005894107
Te_36102_142.csv,30.404362804985556
Te_36102_143.csv,29.955460849374976
Te_36102_144.csv,29.72854845487438
Te_36102_145.csv,29.891994402630793
Te_36102_146.csv,27.95506303645008
Te_36102_147.csv,29.257710496354044
Te_36102_148.csv,30.448747137390612
Te_36102_149.csv,29.176531947537494
Te_36102_150.csv,27.492285508633096
Te_36102_151.csv,26.051216344266425
Te_36102_152.csv,29.342867284574037
Te_36102_153.csv,29.159891769457897
Te_36102_154.csv,28.37174663511678
Te_36102_155.csv,27.770574265320842
Te_36102_156.csv,30.18828776687615
Te_36102_157.csv,28.979592528086854
Te_36102_158.csv,28.959034877918853
Te_36102_159.csv,27.89435127864889
Te_36102_160.csv,28.136703494030343
Te_36102_161.csv,28.150678609961027
Te_36102_162.csv,27.40222168576148
Te_36102_163.csv,27.909724627991316
Te_36102_164.csv,26.55969858807659
Te_36102_165.csv,28.95756268093234
Te_36102_166.csv,28.161241619970287
Te_36102_167.csv,29.545627099143765
Te_36102_168.csv,28.061158498315955
Te_36102_169.csv,27.494791864478067
Te_36102_170.csv,28.196821683741856
Te_36102_171.csv,27.94976643384344
Te_36102_172.csv,28.69867462415364
Te_36102_173.csv,29.795329297878883
Te_36102_174.csv,29.979521559232957
Te_36102_175.csv,28.552498250536257
Te_36102_176.csv,28.85258334450663
Te_36102_177.csv,27.67165312940782
Te_36102_178.csv,27.73699411478028
Te_36102_179.csv,29.935000443561528
Te_36102_180.csv,30.198368093855038
Te_36102_181.csv,28.591761385291363
Te_36102_182.csv,29.57237218481938
Te_36102_183.csv,29.26886736567019
Te_36102_184.csv,29.492296413597916
Te_36102_185.csv,27.786889298167708
Te_36102_186.csv,27.832298411800767
Te_36102_187.csv,28.074432144079488
Te_36102_188.csv,28.12869924032785
Te_36102_189.csv,28.90274279283167
Te_36102_190.csv,30.503921670832995
Te_36102_191.csv,29.54246208867213
Te_36102_192.csv,31.02604813611607
Te_36102_193.csv,29.32212584969144
Te_36102_194.csv,29.581220468371995
Te_36102_195.csv,29.275218413058894
Te_36102_196.csv,27.3080711941176
Te_36102_197.csv,30.03561886327683
Te_36102_198.csv,26.39974971957481
Te_36102_199.csv,29.18169650534505
Te_36102_200.csv,28.938016634533913
Te_36102_201.csv,29.139451053082624
Te_36102_202.csv,30.18225656256554
Te_36102_203.csv,29.260046620378272
Te_36102_204.csv,29.329579533346344
Te_36102_205.csv,28.76585246045071
Te_36102_206.csv,30.512249054908114
Te_36102_207.csv,28.5948361575846
Te_36102_208.csv,29.074551654997514
Te_36102_209.csv,26.18523601903157
Te_36102_210.csv,28.774148273329818
Te_36102_211.csv,27.57895304765592
Te_36102_212.csv,27.19835669200508
Te_36102_213.csv,29.36713253361123
Te_36102_214.csv,28.495968454038106
Te_36102_215.csv,28.48012630181892
Te_36102_216.csv,28.816679571025688
Te_36102_217.csv,29.525471628504835
Te_36102_218.csv,29.177725855300203
Te_36102_219.csv,28.770723731742617
Te_36102_220.csv,30.360319107909106
Te_36102_221.csv,28.367317876305382
Te_36102_222.csv,27.860242676785372
Te_36102_223.csv,30.01909838414261
Te_36102_224.csv,28.79253781418675
Te_36102_225.csv,30.014568731112245
Te_36102_226.csv,29.883074423192504
Te_36102_227.csv,29.51868282140108
Te_36102_228.csv,29.018241906740766
Te_36102_229.csv,28.70583772754485
Te_36102_230.csv,30.01688373454809
Te_36102_231.csv,27.972634614725585
Te_36102_232.csv,29.755928353853644
Te_36102_233.csv,28.375014627932902
Te_36102_234.csv,27.757332810864746
Te_36102_235.csv,29.374605766770845
Te_36102_236.csv,30.714564187656396
Te_36102_237.csv,27.58465001278465
Te_36102_238.csv,28.33100655701368
Te_36102_239.csv,27.329534085461884
Te_36102_240.csv,27.075942164396636
Te_36102_241.csv,28.245754293677276
Te_36102_242.csv,28.351720045176048
Te_36102_243.csv,29.981828819024276
Te_36102_244.csv,30.931793604246206
Te_36102_245.csv,29.130712738607293
Te_36102_246.csv,30.22293757756511
Te_36102_247.csv,27.606915348215555
Te_36102_248.csv,30.121387203041586
Te_36102_249.csv,31.566670343559913
Te_36102_250.csv,28.138939554275602
Te_36102_251.csv,30.54044686118556
Te_36102_252.csv,28.683084136703837
Te_36102_253.csv,31.62076986418508
Te_36102_254.csv,28.442995731835158
Te_36102_255.csv,27.627391973810123
Te_36102_256.csv,30.785084178563128
Te_36102_257.csv,27.967771646366305
Te_36102_258.csv,27.292453508084936
Te_36102_259.csv,28.781924976850824
Te_36102_260.csv,28.826501643765003
Te_36102_261.csv,28.10633332460732
Te_36102_262.csv,28.055306662990333
Te_36102_263.csv,28.8957692147945
Te_36102_264.csv,28.33058915562567
Te_36102_265.csv,30.122202327479368
Te_36102_266.csv,30.185092180650535
Te_36102_267.csv,27.76477902323484
Te_36102_268.csv,30.179862153051623
Te_36102_269.csv,27.13722692913887
Te_36102_270.csv,30.684849069291882
Te_36102_271.csv,30.485723118987497
Te_36102_272.csv,29.819165035600424
Te_36102_273.csv,28.845933966461462
Te_36102_274.csv,29.48557512067978
Te_36102_275.csv,30.29509304082979
Te_36102_276.csv,30.092805209496323
Te_36102_277.csv,28.6925411412627
Te_36102_278.csv,28.364325427341548
Te_36102_279.csv,27.402869023556573
Te_36102_280.csv,28.34476779674244
Te_36102_281.csv,31.190737059286196
Te_36102_282.csv,29.72326233480883
Te_36102_283.csv,28.949590539945127
Te_36102_284.csv,27.356358290341795
Te_36102_285.csv,28.877539790734833
Te_36102_286.csv,26.342451006053636
Te_36102_287.csv,28.51320832155659
Te_36102_288.csv,26.815116065891505
Te_36102_289.csv,28.721917085103517
Te_36102_290.csv,29.43482159902588
Te_36102_291.csv,30.418337076306177
Te_36102_292.csv,30.361566136945285
Te_36102_293.csv,29.5348276986512
Te_36102_294.csv,29.02051881330915
Te_36102_295.csv,27.6408836411876
Te_36102_296.csv,29.050318127084985
Te_36102_297.csv,28.750965696747826
Te_36102_298.csv,31.136633041960195
Te_36102_299.csv,29.457789817235682
Te_36102_300.csv,28.798670875436315
Te_36102_301.csv,28.55483524733514
Te_36102_302.csv,26.719999350578227
Te_36102_303.csv,30.249295030909263
Te_36102_304.csv,26.886938210072017
Te_36102_305.csv,29.806358488553364
Te_36102_306.csv,26.800524903420843
Te_36102_307.csv,28.307502506754265
Te_36102_308.csv,28.77973785005095
Te_36102_309.csv,28.325187678535173
Te_36102_310.csv,26.24929283530711
Te_36102_311.csv,29.61996977999529
Te_36102_312.csv,30.5710330896993
Te_36102_313.csv,29.510885804144223
Te_36102_314.csv,29.723939824020718
Te_36102_315.csv,28.27145620079469
Te_36102_316.csv,29.574570667530647
Te_36102_317.csv,29.255131030733292
Te_36102_318.csv,28.77664975522378
Te_36102_319.csv,29.57836728586445
Te_36102_320.csv,30.37752724088345
Te_36102_321.csv,29.516969423604873
Te_36102_322.csv,29.191670276802753
Te_36102_323.csv,27.919462179627416
Te_36102_324.csv,28.92123330775906
Te_36102_325.csv,29.420464738557143
Te_36102_326.csv,27.732689213700354
Te_36102_327.csv,30.003629663462846
Te_36102_328.csv,27.59600498267303
Te_36102_329.csv,28.2979501064799
Te_36102_330.csv,29.322306471223023
Te_36102_331.csv,28.67407182513753
Te_36102_332.csv,29.976854623889174
Te_36102_333.csv,27.887156340544475
Te_36102_334.csv,29.789019541798247
Te_36102_335.csv,29.910275043212007
Te_36102_336.csv,28.563254303684616
Te_36102_337.csv,27.735227358658125
Te_36102_338.csv,28.43309982126297
Te_36102_339.csv,28.08468957752279
Te_36102_340.csv,27.658307246671775
Te_36102_341.csv,26.676946555071723
Te_36102_342.csv,27.34762616056192
Te_36102_343.csv,28.900269558680193
Te_36102_344.csv,27.982651917098984
Te_36102_345.csv,29.036580534360297
Te_36102_346.csv,29.668146405518012
Te_36102_347.csv,27.939251270819515
Te_36102_348.csv,27.60766344037449
Te_36102_349.csv,29.159257422208515
Te_36102_350.csv,28.57158450607704
Te_36102_351.csv,29.83537853334974
Te_36102_352.csv,29.2511480928841
Te_36102_353.csv,30.825395845646774
Te_36102_354.csv,28.253213229286832
Te_36102_355.csv,28.82153249670659
Te_36102_356.csv,28.844305891769494
Te_36102_357.csv,29.041616762801922
Te_36102_358.csv,30.49690824044092
Te_36102_359.csv,28.92299784785847
Te_36102_360.csv,28.51039530700867
Te_36102_361.csv,28.3088256305914
Te_36102_362.csv,29.58297608262008
Te_36102_363.csv,29.178429294967646
Te_36102_364.csv,27.352853352723507
Te_36102_365.csv,26.438994828318716
Te_36102_366.csv,30.865175642734467
Te_36102_367.csv,29.38529653358415
Te_36102_368.csv,25.701080712610892
Te_36102_369.csv,28.63982352497137
Te_36102_370.csv,28.63194194950149
Te_36102_371.csv,29.453000538024398
Te_36102_372.csv,29.14170448212702
Te_36102_373.csv,28.85716800128639
Te_36102_374.csv,29.417186382044413
Te_36102_375.csv,30.714378684217362
Te_36102_376.csv,29.123278882438676
Te_36102_377.csv,28.137762316878977
Te_36102_378.csv,29.712597848152093
Te_36102_379.csv,29.3458110728097
Te_36102_380.csv,27.856614752717086
Te_36102_381.csv,29.60825519220899
Te_36102_382.csv,28.62023557488093
Te_36102_383.csv,27.665688648740122
Te_36102_384.csv,28.214447713231824
Te_36102_385.csv,28.255074411576302
Te_36102_386.csv,26.346112179081942
Te_36102_387.csv,27.69225305110487
Te_36102_388.csv,29.321231343264746
Te_36102_389.csv,29.075722993242955
Te_36102_390.csv,30.088724573239666
Te_36102_391.csv,29.225650301909365
Te_36102_392.csv,27.480211189979318
Te_36102_393.csv,28.05602771481774
Te_36102_394.csv,28.02684127887922
Te_36102_395.csv,30.386671659771967
Te_36102_396.csv,27.695262320569693
Te_36102_397.csv,28.207704138544305
Te_36102_398.csv,28.19848147867019
Te_36102_399.csv,28.52861616767217
Te_36102_400.csv,30.687659811434802
Te_36102_401.csv,29.355416653173673
Te_36102_402.csv,29.554275692825627
Te_36102_403.csv,28.62296201972104
Te_36102_404.csv,29.15885627749609
Te_36102_405.csv,29.179260718445253
Te_36102_406.csv,28.049687651690192
Te_36102_407.csv,30.26922676319218
Te_36102_408.csv,27.8666893741067
Te_36102_409.csv,30.38353540156314
Te_36102_410.csv,29.33899467545914
Te_36102_411.csv,30.024741030726293
Te_36102_412.csv,29.209763338877814
Te_36102_413.csv,30.555345657035062
Te_36102_414.csv,30.376283817263108
Te_36102_415.csv,28.52465188119001
Te_36102_416.csv,28.147399331846202
Te_36102_417.csv,27.805395755962625
Te_36102_418.csv,30.340950019049302
Te_36102_419.csv,27.679105785350163
Te_36102_420.csv,27.44024202687441
Te_36102_421.csv,29.799790520854454
Te_36102_422.csv,31.74844677544437
Te_36102_423.csv,27.20871467626524
Te_36102_424.csv,28.18576968481017
Te_36102_425.csv,29.50559810021826
Te_36102_426.csv,30.861021346847636
Te_36102_427.csv,28.673614608901797
Te_36102_428.csv,28.480735857534302
Te_36102_429.csv,28.768100166577106
Te_36102_430.csv,29.634404487444165
Te_36102_431.csv,30.79295937909689
Te_36102_432.csv,29.797909104611158
Te_36102_433.csv,30.854229711510897
Te_36102_434.csv,27.508164068943916
Te_36102_435.csv,27.83692731352983
Te_36102_436.csv,28.103882986647655
Te_36102_437.csv,26.64360334811423
Te_36102_438.csv,29.417152406839815
Te_36102_439.csv,30.993461701211526
Te_36102_440.csv,28.70449406948401
Te_36102_441.csv,27.65111821015672
Te_36102_442.csv,29.612860301066927
Te_36102_443.csv,28.959206261555305
Te_36102_444.csv,29.307809612059057
Te_36102_445.csv,29.3829522915922
Te_36102_446.csv,27.517782455911245
Te_36102_447.csv,25.829155644430585
Te_36102_448.csv,31.16911714445774
Te_36102_449.csv,27.485471177279212
Te_36102_450.csv,27.70002613816685
Te_36102_451.csv,29.78565553534339
Te_36102_452.csv,28.62253550604106
Te_36102_453.csv,28.45445777103705
Te_36102_454.csv,29.26681636392167
Te_36102_455.csv,28.307819212934387
Te_36102_456.csv,27.391209191470605
Te_36102_457.csv,26.036942728564984
Te_36102_458.csv,28.549073680513267
Te_36102_459.csv,29.494156389090186
Te_36102_460.csv,29.98682868636519
Te_36102_461.csv,28.441810514018027
Te_36102_462.csv,27.618120761869534
Te_36102_463.csv,29.956932332576237
Te_36102_464.csv,28.907595413489744
Te_36102_465.csv,29.22216325790025
Te_36102_466.csv,27.371574563910286
Te_36102_467.csv,29.20976022743263
Te_36102_468.csv,28.977360235228115
Te_36102_469.csv,27.190895425499622
Te_36102_470.csv,27.635374114800015
Te_36102_471.csv,30.08072483505824
Te_36102_472.csv,29.06849807218461
Te_36102_473.csv,28.06731041281446
Te_36102_474.csv,29.284806433662762
Te_36102_475.csv,29.183465876343302
Te_36102_476.csv,28.847347586781005
Te_36102_477.csv,29.632616899710165
Te_36102_478.csv,28.20858467442009
Te_36102_479.csv,25.32191765049524
Te_36102_480.csv,28.58513803142329
Te_36102_481.csv,28.390131739395223
Te_36102_482.csv,29.034958962348096
Te_36102_483.csv,29.757077790057664
Te_36102_484.csv,28.504460263452227
Te_36102_485.csv,28.711071055850162
Te_36102_486.csv,27.85821375920097
Te_36102_487.csv,28.464709976874367
Te_36102_488.csv,27.661953410001704
Te_36102_489.csv,28.767513790264587
Te_36102_490.csv,28.747705819286015
Te_36102_491.csv,28.34338947516199
Te_36102_492.csv,29.795061110525605
Te_36102_493.csv,28.762898819761666
Te_36102_494.csv,29.117525266165043
Te_36102_495.csv,30.106352338310135
Te_36102_496.csv,29.32235333088739
Te_36102_497.csv,30.647840565926018
Te_36102_498.csv,30.336765126613997
Te_36102_499.csv,30.289785816612707
Te_36102_500.csv,29.31369641531389
Te_36108_1.csv,29.12801808673342
Te_36108_2.csv,30.150353692704872
Te_36108_3.csv,29.001931576660688
Te_36108_4.csv,27.16384121469026
Te_36108_5.csv,28.03739402469261
Te_36108_6.csv,26.84355614978057
Te_36108_7.csv,30.512233196948376
Te_36108_8.csv,28.186207463728532
Te_36108_9.csv,27.65914372165797
Te_36108_10.csv,28.773659882053373
Te_36108_11.csv,28.707214926524205
Te_36108_12.csv,29.73121731252515
Te_36108_13.csv,28.919569022452528
Te_36108_14.csv,29.517133999764145
Te_36108_15.csv,28.992808698736063
Te_36108_16.csv,30.73261173032267
Te_36108_17.csv,29.696339446638316
Te_36108_18.csv,29.143112475372746
Te_36108_19.csv,28.87313000321122
Te_36108_20.csv,29.190105783673992
Te_36108_21.csv,30.128270255648154
Te_36108_22.csv,30.677053271337638
Te_36108_23.csv,28.849785918823255
Te_36108_24.csv,29.557092167700517
Te_36108_25.csv,28.745152042800253
Te_36108_26.csv,28.497579595718154
Te_36108_27.csv,28.97347134978882
Te_36108_28.csv,28.388029690202178
Te_36108_29.csv,28.847133772118347
Te_36108_30.csv,29.024664742227632
Te_36108_31.csv,30.092616010523347
Te_36108_32.csv,28.862552915137787
Te_36108_33.csv,30.200365932458123
Te_36108_34.csv,29.28504415848052
Te_36108_35.csv,30.400421560449544
Te_36108_36.csv,27.01767174559472
Te_36108_37.csv,28.096229234199072
Te_36108_38.csv,29.623935415410802
Te_36108_39.csv,28.91044387397691
Te_36108_40.csv,30.541955702569975
Te_36108_41.csv,29.410149206522657
Te_36108_42.csv,30.503604305628823
Te_36108_43.csv,29.19259100514334
Te_36108_44.csv,29.15250890779731
Te_36108_45.csv,29.479317988177197
Te_36108_46.csv,30.061817332110405
Te_36108_47.csv,29.51290873855307
Te_36108_48.csv,28.306201499907118
Te_36108_49.csv,27.9030104637143
Te_36108_50.csv,28.530600516468684
Te_36108_51.csv,28.251612011542292
Te_36108_52.csv,28.208425299251328
Te_36108_53.csv,30.00972298046195
Te_36108_54.csv,29.35458417068472
Te_36108_55.csv,27.319777181614818
Te_36108_56.csv,27.79532479782913
Te_36108_57.csv,29.626434835684528
Te_36108_58.csv,30.69139933043835
Te_36108_59.csv,29.64794086934506
Te_36108_60.csv,28.937006263798736
Te_36108_61.csv,29.733979156043596
Te_36108_62.csv,29.914477309751327
Te_36108_63.csv,29.285026805282037
Te_36108_64.csv,30.0056841646165
Te_36108_65.csv,27.317839300506975
Te_36108_66.csv,29.627097529206914
Te_36108_67.csv,28.95000674571744
Te_36108_68.csv,26.94913614360208
Te_36108_69.csv,29.365250103201767
Te_36108_70.csv,29.749951942663188
Te_36108_71.csv,27.01042064155308
Te_36108_72.csv,29.748191415953904
Te_36108_73.csv,29.194487314253436
Te_36108_74.csv,30.21003577811637
Te_36108_75.csv,29.88720413383511
Te_36108_76.csv,28.95119182196872
Te_36108_77.csv,28.344628486366616
Te_36108_78.csv,29.031732582693536
Te_36108_79.csv,28.27745884863876
Te_36108_80.csv,29.335627596383112
Te_36108_81.csv,29.704073735552647
Te_36108_82.csv,27.674309609149674
Te_36108_83.csv,29.803956706218667
Te_36108_84.csv,30.995794651781534
Te_36108_85.csv,30.177698233630146
Te_36108_86.csv,28.98338322927561
Te_36108_87.csv,29.275508387310413
Te_36108_88.csv,28.702521250574826
Te_36108_89.csv,30.45524595787129
Te_36108_90.csv,29.215626126851408
Te_36108_91.csv,26.928323432604152
Te_36108_92.csv,29.617524451317482
Te_36108_93.csv,28.08326883853573
Te_36108_94.csv,29.284455996996638
Te_36108_95.csv,31.62842630878299
Te_36108_96.csv,30.417178869709993
Te_36108_97.csv,28.6801669236319
Te_36108_98.csv,28.69961967505732
Te_36108_99.csv,29.950199778173314
Te_36108_100.csv,30.54101249685615
Te_36108_101.csv,29.00599753670512
Te_36108_102.csv,31.015245986047276
Te_36108_103.csv,29.250640414453397
Te_36108_104.csv,31.175409335967835
Te_36108_105.csv,27.294737454077918
Te_36108_106.csv,28.93838200257293
Te_36108_107.csv,28.222637731741514
Te_36108_108.csv,28.8924754965191
Te_36108_109.csv,28.11470787378747
Te_36108_110.csv,28.96025626169697
Te_36108_111.csv,29.364995366606355
Te_36108_112.csv,29.663608070698213
Te_36108_113.csv,27.17457848655908
Te_36108_114.csv,29.231761295218515
Te_36108_115.csv,31.12070628296537
Te_36108_116.csv,29.83027822594304
Te_36108_117.csv,28.70876361772792
Te_36108_118.csv,26.851013845200153
Te_36108_119.csv,25.18761703651641
Te_36108_120.csv,29.447994957897745
Te_36108_121.csv,29.502909617829058
Te_36108_122.csv,29.035346553137767
Te_36108_123.csv,28.586099752468677
Te_36108_124.csv,28.569019968344854
Te_36108_125.csv,27.618373907923207
Te_36108_126.csv,27.710519884003524
Te_36108_127.csv,30.431819328950333
Te_36108_128.csv,28.91614649010221
Te_36108_129.csv,27.26565431096433
Te_36108_130.csv,27.85548346155478
Te_36108_131.csv,29.75716520563807
Te_36108_132.csv,27.4765003549298
Te_36108_133.csv,30.75388835081538
Te_36108_134.csv,29.63832830999558
Te_36108_135.csv,29.625763456846393
Te_36108_136.csv,28.54248265601952
Te_36108_137.csv,27.62584211758211
Te_36108_138.csv,28.69710688128104
Te_36108_139.csv,29.513381224913005
Te_36108_140.csv,28.02817509939088
Te_36108_141.csv,28.956780241703736
Te_36108_142.csv,27.832179537710523
Te_36108_143.csv,30.43986192188844
Te_36108_144.csv,28.164153784460215
Te_36108_145.csv,29.899890818285094
Te_36108_146.csv,29.69354712287335
Te_36108_147.csv,28.130331345855666
Te_36108_148.csv,28.002368382336723
Te_36108_149.csv,29.90118629980829
Te_36108_150.csv,29.358413371967952
Te_36108_151.csv,25.678654966710297
Te_36108_152.csv,29.140486973293328
Te_36108_153.csv,29.833811163486665
Te_36108_154.csv,27.449061218069218
Te_36108_155.csv,29.18365582750995
Te_36108_156.csv,31.83290559340102
Te_36108_157.csv,29.572043546789313
Te_36108_158.csv,29.287680010075967
Te_36108_159.csv,29.508669314502797
Te_36108_160.csv,28.766113516880736
Te_36108_161.csv,30.31389361017485
Te_36108_162.csv,30.42988337341242
Te_36108_163.csv,27.362542253423452
Te_36108_164.csv,31.047271632346117
Te_36108_165.csv,27.970188403670544
Te_36108_166.csv,28.78134493150773
Te_36108_167.csv,29.372113990660786
Te_36108_168.csv,29.5490185535981
Te_36108_169.csv,30.074031307947486
Te_36108_170.csv,27.655382902337422
Te_36108_171.csv,29.143195004692643
Te_36108_172.csv,28.139488484253604
Te_36108_173.csv,28.95513237589307
Te_36108_174.csv,26.300840234724554
Te_36108_175.csv,29.069419406951205
Te_36108_176.csv,27.655278867341224
Te_36108_177.csv,30.313575595489194
Te_36108_178.csv,29.876358375732377
Te_36108_179.csv,31.35535764964942
Te_36108_180.csv,29.359996497305
Te_36108_181.csv,29.318277893570922
Te_36108_182.csv,30.881807258868907
Te_36108_183.csv,28.684734682825397
Te_36108_184.csv,30.53064444401917
Te_36108_185.csv,29.01628804245616
Te_36108_186.csv,27.14297899127413
Te_36108_187.csv,30.076062882255453
Te_36108_188.csv,28.857932120191702
Te_36108_189.csv,28.938979751690244
Te_36108_190.csv,28.038515410308225
Te_36108_191.csv,28.32877074835575
Te_36108_192.csv,29.7029324568442
Te_36108_193.csv,26.622676823104598
Te_36108_194.csv,27.252553868975887
Te_36108_195.csv,29.861232949527604
Te_36108_196.csv,29.73544136493678
Te_36108_197.csv,30.695888291510755
Te_36108_198.csv,28.601100652978154
Te_36108_199.csv,31.40011058475048
Te_36108_200.csv,30.739026771832744
Te_36108_201.csv,29.39168561588692
Te_36108_202.csv,30.56010540085684
Te_36108_203.csv,27.610393528506435
Te_36108_204.csv,30.062621757674638
Te_36108_205.csv,29.737837255113025
Te_36108_206.csv,29.192002299311635
Te_36108_207.csv,30.627859349867144
Te_36108_208.csv,28.934635365455513
Te_36108_209.csv,28.855460983622187
Te_36108_210.csv,31.327964401061372
Te_36108_211.csv,29.647965885205334
Te_36108_212.csv,29.577012430961684
Te_36108_213.csv,29.388287224189554
Te_36108_214.csv,28.70809267893989
Te_36108_215.csv,30.807473099321438
Te_36108_216.csv,28.051564480652814
Te_36108_217.csv,28.32632133146372
Te_36108_218.csv,29.505635657647407
Te_36108_219.csv,31.65250139474888
Te_36108_220.csv,29.71805674217133
Te_36108_221.csv,27.11705743068157
Te_36108_222.csv,27.344666930184253
Te_36108_223.csv,30.180138678250014
Te_36108_224.csv,28.520524553433756
Te_36108_225.csv,27.046048710719674
Te_36108_226.csv,31.134353760998945
Te_36108_227.csv,29.585192892064775
Te_36108_228.csv,29.195196448274473
Te_36108_229.csv,29.80842476104063
Te_36108_230.csv,28.7696075830193
Te_36108_231.csv,29.66832965994376
Te_36108_232.csv,29.580593454886298
Te_36108_233.csv,29.085828317902948
Te_36108_234.csv,28.077872244305482
Te_36108_235.csv,26.278380384296756
Te_36108_236.csv,29.091142067004245
Te_36108_237.csv,30.073498333377728
Te_36108_238.csv,29.776657137340038
Te_36108_239.csv,30.35439773156637
Te_36108_240.csv,28.720765349982965
Te_36108_241.csv,27.879805513840342
Te_36108_242.csv,29.89331082548651
Te_36108_243.csv,29.906943589990526
Te_36108_244.csv,29.58700936731494
Te_36108_245.csv,25.726758917309922
Te_36108_246.csv,28.259384836724173
Te_36108_247.csv,29.421424154414748
Te_36108_248.csv,28.352500212001786
Te_36108_249.csv,30.385721509816605
Te_36108_250.csv,30.108198615368565
Te_36108_251.csv,28.781409487120854
Te_36108_252.csv,29.800287255114785
Te_36108_253.csv,28.207103075151778
Te_36108_254.csv,29.629315329763134
Te_36108_255.csv,31.24484186739291
Te_36108_256.csv,30.49947523872567
Te_36108_257.csv,29.10899250927752
Te_36108_258.csv,28.796419225894734
Te_36108_259.csv,27.036169117101846
Te_36108_260.csv,29.026946703733973
Te_36108_261.csv,29.26384664237573
Te_36108_262.csv,28.778639347375908
Te_36108_263.csv,26.56557590040687
Te_36108_264.csv,29.274576127275026
Te_36108_265.csv,28.882576214653913
Te_36108_266.csv,28.46121215154876
Te_36108_267.csv,29.89145043036498
Te_36108_268.csv,30.5586880415201
Te_36108_269.csv,29.231761723945844
Te_36108_270.csv,29.737614770248392
Te_36108_271.csv,29.4408644762564
Te_36108_272.csv,29.28811650015966
Te_36108_273.csv,30.249040930237342
Te_36108_274.csv,30.60507757773805
Te_36108_275.csv,30.031098246449357
Te_36108_276.csv,28.812070394747533
Te_36108_277.csv,27.96834900904907
Te_36108_278.csv,27.648436237325523
Te_36108_279.csv,29.49886799530988
Te_36108_280.csv,28.39978090099215
Te_36108_281.csv,29.707278340572444
Te_36108_282.csv,29.100751634297392
Te_36108_283.csv,28.164602345192584
Te_36108_284.csv,29.7542200237036
Te_36108_285.csv,30.69749590111383
Te_36108_286.csv,30.30543710108908
Te_36108_287.csv,29.527606559837974
Te_36108_288.csv,28.024267477557853
Te_36108_289.csv,28.534806492569
Te_36108_290.csv,29.68867619101718
Te_36108_291.csv,30.464287586479504
Te_36108_292.csv,29.876180958152606
Te_36108_293.csv,28.454802472944273
Te_36108_294.csv,28.076622700559884
Te_36108_295.csv,29.81205538835899
Te_36108_296.csv,30.20452828223296
Te_36108_297.csv,30.935306988318345
Te_36108_298.csv,29.33600606473873
Te_36108_299.csv,28.2195162663771
Te_36108_300.csv,28.646031803283954
Te_36108_301.csv,30.20864552195955
Te_36108_302.csv,30.097304952613598
Te_36108_303.csv,31.21929909019365
Te_36108_304.csv,30.39216886697159
Te_36108_305.csv,29.15949651511241
Te_36108_306.csv,29.855430806710533
Te_36108_307.csv,29.11543280230548
Te_36108_308.csv,27.555609031487595
Te_36108_309.csv,28.454354052776104
Te_36108_310.csv,27.58394164672744
Te_36108_311.csv,30.813623802102374
Te_36108_312.csv,29.779843471920824
Te_36108_313.csv,29.042658284614603
Te_36108_314.csv,25.47203306947251
Te_36108_315.csv,27.866131383674713
Te_36108_316.csv,29.653785783678472
Te_36108_317.csv,28.65004950373401
Te_36108_318.csv,27.963752993181174
Te_36108_319.csv,27.78114788645013
Te_36108_320.csv,29.174664415512535
Te_36108_321.csv,30.563294106390526
Te_36108_322.csv,30.507273130875472
Te_36108_323.csv,28.855675249845103
Te_36108_324.csv,29.07116095825816
Te_36108_325.csv,27.951363393555877
Te_36108_326.csv,29.87052993878054
Te_36108_327.csv,28.344434268010588
Te_36108_328.csv,28.72293551988457
Te_36108_329.csv,27.791517556620374
Te_36108_330.csv,25.467030700003576
Te_36108_331.csv,28.572814070212473
Te_36108_332.csv,29.76002711194859
Te_36108_333.csv,28.105663785247152
Te_36108_334.csv,29.204026283178877
Te_36108_335.csv,27.037172957732796
Te_36108_336.csv,29.839381791961383
Te_36108_337.csv,28.301091216852694
Te_36108_338.csv,29.253517940727924
Te_36108_339.csv,27.150478938018367
Te_36108_340.csv,31.03286013727528
Te_36108_341.csv,29.17695086708497
Te_36108_342.csv,29.4938136520498
Te_36108_343.csv,28.165443698587826
Te_36108_344.csv,29.73312763264318
Te_36108_345.csv,29.198725821106557
Te_36108_346.csv,27.203399578403513
Te_36108_347.csv,29.463018140308222
Te_36108_348.csv,29.386587815344278
Te_36108_349.csv,29.563185405868285
Te_36108_350.csv,28.563628884901483
Te_36108_351.csv,28.867900507915046
Te_36108_352.csv,28.458702197112625
Te_36108_353.csv,30.79121398308098
Te_36108_354.csv,31.072350990459388
Te_36108_355.csv,27.723984300114953
Te_36108_356.csv,30.589895243078033
Te_36108_357.csv,29.383533039515733
Te_36108_358.csv,27.82262507833238
Te_36108_359.csv,29.296888004497017
Te_36108_360.csv,29.424940760413634
Te_36108_361.csv,31.97301570423279
Te_36108_362.csv,27.946780791153284
Te_36108_363.csv,29.85784671762228
Te_36108_364.csv,28.43077540331236
Te_36108_365.csv,30.48409910399159
Te_36108_366.csv,30.202501042721526
Te_36108_367.csv,27.639545250023758
Te_36108_368.csv,28.96896325791467
Te_36108_369.csv,30.42124290535875
Te_36108_370.csv,28.553940458606284
Te_36108_371.csv,31.08350545140816
Te_36108_372.csv,30.311156671799647
Te_36108_373.csv,27.879196491701936
Te_36108_374.csv,27.80754342083431
Te_36108_375.csv,27.66408489904437
Te_36108_376.csv,28.328757366173544
Te_36108_377.csv,27.046763476147294
Te_36108_378.csv,28.066201661042676
Te_36108_379.csv,28.96094223305145
Te_36108_380.csv,29.831164741048493
Te_36108_381.csv,28.048464075520005
Te_36108_382.csv,28.44358191939534
Te_36108_383.csv,30.600445450423944
Te_36108_384.csv,29.06106405785824
Te_36108_385.csv,30.40688224664523
Te_36108_386.csv,29.159299607175754
Te_36108_387.csv,30.24677812458912
Te_36108_388.csv,28.6214304408722
Te_36108_389.csv,28.068352044158466
Te_36108_390.csv,28.31317719061929
Te_36108_391.csv,29.73493958972876
Te_36108_392.csv,27.28896578224206
Te_36108_393.csv,30.170659222494994
Te_36108_394.csv,28.48616521362665
Te_36108_395.csv,30.764545376942397
Te_36108_396.csv,29.15059402750964
Te_36108_397.csv,28.897964182489712
Te_36108_398.csv,27.105378845724243
Te_36108_399.csv,28.451004877614228
Te_36108_400.csv,29.527976264093503
Te_36108_401.csv,29.880299073491813
Te_36108_402.csv,28.629263138106797
Te_36108_403.csv,28.14686597943948
Te_36108_404.csv,29.549148629471308
Te_36108_405.csv,27.961807688223054
Te_36108_406.csv,29.878043028282846
Te_36108_407.csv,28.35331239070977
Te_36108_408.csv,30.29061951474575
Te_36108_409.csv,28.933598219612183
Te_36108_410.csv,26.085061394011316
Te_36108_411.csv,29.473962239697666
Te_36108_412.csv,29.90487970568867
Te_36108_413.csv,27.381251059330243
Te_36108_414.csv,28.7897681131308
Te_36108_415.csv,28.78299161159869
Te_36108_416.csv,27.980785607583265
Te_36108_417.csv,30.366127044606024
Te_36108_418.csv,28.371582783261147
Te_36108_419.csv,27.914786705043255
Te_36108_420.csv,30.41851880206181
Te_36108_421.csv,28.744707197882423
Te_36108_422.csv,29.271395264967275
Te_36108_423.csv,29.21497774224547
Te_36108_424.csv,29.116568600576596
Te_36108_425.csv,29.344613560392514
Te_36108_426.csv,30.269435339984103
Te_36108_427.csv,29.605294307925536
Te_36108_428.csv,28.819987788092348
Te_36108_429.csv,26.754803874528616
Te_36108_430.csv,29.612876811369
Te_36108_431.csv,29.802988373573456
Te_36108_432.csv,28.842192341285987
Te_36108_433.csv,28.173941856884955
Te_36108_434.csv,28.1288780506023
Te_36108_435.csv,28.936718384878624
Te_36108_436.csv,30.25874309721995
Te_36108_437.csv,28.99846318360759
Te_36108_438.csv,30.980774837449562
Te_36108_439.csv,30.18122319382305
Te_36108_440.csv,30.40482722622604
Te_36108_441.csv,29.937493682057163
Te_36108_442.csv,28.719387384560715
Te_36108_443.csv,27.84434820381618
Te_36108_444.csv,27.28458898823454
Te_36108_445.csv,30.4555663564683
Te_36108_446.csv,28.674834782882673
Te_36108_447.csv,28.16067922252518
Te_36108_448.csv,29.90302398597536
Te_36108_449.csv,29.208491732250234
Te_36108_450.csv,29.16635797502862
Te_36108_451.csv,27.794020360987272
Te_36108_452.csv,29.5692666763718
Te_36108_453.csv,27.46607089474735
Te_36108_454.csv,28.21513679937653
Te_36108_455.csv,29.836266340727345
Te_36108_456.csv,28.857453883096415
Te_36108_457.csv,29.209427273100033
Te_36108_458.csv,27.956822215774235
Te_36108_459.csv,29.41989454574493
Te_36108_460.csv,30.634519611553966
Te_36108_461.csv,29.865481993191697
Te_36108_462.csv,29.528147065520105
Te_36108_463.csv,30.248013966567235
Te_36108_464.csv,28.905055682635535
Te_36108_465.csv,28.7127852833829
Te_36108_466.csv,28.848327639215743
Te_36108_467.csv,31.41253151231237
Te_36108_468.csv,28.327761479716745
Te_36108_469.csv,30.230836241561295
Te_36108_470.csv,25.89519868579278
Te_36108_471.csv,26.68820734206723
Te_36108_472.csv,28.70727354413169
Te_36108_473.csv,30.383687754394757
Te_36108_474.csv,29.4720470137912
Te_36108_475.csv,28.312275967376273
Te_36108_476.csv,31.557275549470063
Te_36108_477.csv,29.667797532254607
Te_36108_478.csv,29.834657243279345
Te_36108_479.csv,30.683985845844603
Te_36108_480.csv,29.432883014314125
Te_36108_481.csv,27.820104900344816
Te_36108_482.csv,29.20921223836926
Te_36108_483.csv,30.05628219891214
Te_36108_484.csv,28.912205636882376
Te_36108_485.csv,29.740457683854956
Te_36108_486.csv,29.136310855894553
Te_36108_487.csv,27.001285898433952
Te_36108_488.csv,30.130560037493417
Te_36108_489.csv,29.265966100004412
Te_36108_490.csv,30.350366033058066
Te_36108_491.csv,29.497750526135743
Te_36108_492.csv,30.127946231745515
Te_36108_493.csv,29.83467327834131
Te_36108_494.csv,28.818543184982953
Te_36108_495.csv,28.73630124788951
Te_36108_496.csv,29.57507087913278
Te_36108_497.csv,30.54025997686582
Te_36108_498.csv,29.42231095541403
Te_36108_499.csv,30.142209808763326
Te_36108_500.csv,29.211548669521775
Te_36114_1.csv,29.992694009486915
Te_36114_2.csv,29.369046059152936
Te_36114_3.csv,30.631513925029076
Te_36114_4.csv,30.102748564072574
Te_36114_5.csv,27.675463277955924
Te_36114_6.csv,26.473112667928714
Te_36114_7.csv,29.97745546969014
Te_36114_8.csv,29.87854201311026
Te_36114_9.csv,30.422593901953274
Te_36114_10.csv,29.546674508644635
Te_36114_11.csv,27.643250833912337
Te_36114_12.csv,28.26345742900507
Te_36114_13.csv,30.146324184618884
Te_36114_14.csv,29.994456906745377
Te_36114_15.csv,29.836167864212683
Te_36114_16.csv,30.8277179515686
Te_36114_17.csv,27.808550714640873
Te_36114_18.csv,29.580368433675318
Te_36114_19.csv,29.606533446313986
Te_36114_20.csv,28.873770489318122
Te_36114_21.csv,29.71753295621522
Te_36114_22.csv,29.956351959487645
Te_36114_23.csv,28.671543715746076
Te_36114_24.csv,29.532527463753247
Te_36114_25.csv,30.651660676916826
Te_36114_26.csv,28.289893096267942
Te_36114_27.csv,29.331345109324353
Te_36114_28.csv,29.805938673572637
Te_36114_29.csv,29.476685728934573
Te_36114_30.csv,30.06170651860757
Te_36114_31.csv,28.883202004660514
Te_36114_32.csv,29.217983216738656
Te_36114_33.csv,28.81977542005767
Te_36114_34.csv,27.972703988422023
Te_36114_35.csv,28.905878121850673
Te_36114_36.csv,28.562490571558435
Te_36114_37.csv,29.74451962223737
Te_36114_38.csv,30.19709533353446
Te_36114_39.csv,30.30258126951416
Te_36114_40.csv,29.430730131064564
Te_36114_41.csv,29.49553155916081
Te_36114_42.csv,28.36514441796218
Te_36114_43.csv,29.27121433820832
Te_36114_44.csv,29.70049996373295
Te_36114_45.csv,30.52348886375131
Te_36114_46.csv,30.505775690297686
Te_36114_47.csv,28.64393726805959
Te_36114_48.csv,29.811096105229396
Te_36114_49.csv,29.798295867677314
Te_36114_50.csv,31.59676459136061
Te_36114_51.csv,28.8916229794601
Te_36114_52.csv,29.29835274065824
Te_36114_53.csv,31.285828024025918
Te_36114_54.csv,29.407341414330567
Te_36114_55.csv,29.458605971714054
Te_36114_56.csv,28.892248726592534
Te_36114_57.csv,28.716297279421365
Te_36114_58.csv,29.173013105379844
Te_36114_59.csv,29.32595965289943
Te_36114_60.csv,28.44317712401998
Te_36114_61.csv,29.76606425484043
Te_36114_62.csv,30.61460244733491
Te_36114_63.csv,28.895258970778485
Te_36114_64.csv,28.17583223193103
Te_36114_65.csv,28.70974762010142
Te_36114_66.csv,29.260836114045357
Te_36114_67.csv,27.926940432703926
Te_36114_68.csv,29.591954975730918
Te_36114_69.csv,30.39286433162555
Te_36114_70.csv,29.13603497030924
Te_36114_71.csv,27.70964104209882
Te_36114_72.csv,29.656102026034713
Te_36114_73.csv,28.233380929761744
Te_36114_74.csv,28.58825012321018
Te_36114_75.csv,31.21934466272333
Te_36114_76.csv,30.815286348684737
Te_36114_77.csv,30.60448091649228
Te_36114_78.csv,29.811172188395517
Te_36114_79.csv,30.356811618773545
Te_36114_80.csv,29.891274473381564
Te_36114_81.csv,31.06703865265674
Te_36114_82.csv,30.137731231985168
Te_36114_83.csv,29.04570536409103
Te_36114_84.csv,30.132009728505405
Te_36114_85.csv,30.179415413160182
Te_36114_86.csv,27.327920028707748
Te_36114_87.csv,30.01117870456888
Te_36114_88.csv,29.380706043676383
Te_36114_89.csv,28.78941341228294
Te_36114_90.csv,28.65687248204901
Te_36114_91.csv,29.848967184024634
Te_36114_92.csv,30.326968516233805
Te_36114_93.csv,29.758124630287483
Te_36114_94.csv,29.91955664298159
Te_36114_95.csv,29.213238110293744
Te_36114_96.csv,27.526392005579492
Te_36114_97.csv,27.51610318851733
Te_36114_98.csv,31.43280714601593
Te_36114_99.csv,28.879007314268595
Te_36114_100.csv,27.82790983734134
Te_36114_101.csv,30.356490000795322
Te_36114_102.csv,30.47590083423744
Te_36114_103.csv,29.43207993910942
Te_36114_104.csv,28.683547328132924
Te_36114_105.csv,28.757404073922824
Te_36114_106.csv,29.420388132864566
Te_36114_107.csv,28.803356289454282
Te_36114_108.csv,28.10316619709184
Te_36114_109.csv,29.826971147370863
Te_36114_110.csv,29.549138971737097
Te_36114_111.csv,29.300501622205903
Te_36114_112.csv,30.26106331073388
Te_36114_113.csv,29.614722854786734
Te_36114_114.csv,29.45741951323502
Te_36114_115.csv,28.061466988001243
Te_36114_116.csv,30.656238762132677
Te_36114_117.csv,28.59374445716671
Te_36114_118.csv,28.939930511975216
Te_36114_119.csv,30.672718628589774
Te_36114_120.csv,29.07820621071953
Te_36114_121.csv,29.128630091316648
Te_36114_122.csv,30.855559502867443
Te_36114_123.csv,29.43589005764854
Te_36114_124.csv,28.186281603770887
Te_36114_125.csv,27.51050697830321
Te_36114_126.csv,31.358247587663367
Te_36114_127.csv,29.98280211377877
Te_36114_128.csv,29.566233145727196
Te_36114_129.csv,30.47710932564182
Te_36114_130.csv,28.6198730572115
Te_36114_131.csv,28.958660515160073
Te_36114_132.csv,28.925681669944982
Te_36114_133.csv,29.98460836008479
Te_36114_134.csv,30.156067815861125
Te_36114_135.csv,27.802328775172
Te_36114_136.csv,29.963930386145673
Te_36114_137.csv,29.46726311768381
Te_36114_138.csv,30.156006344251455
Te_36114_139.csv,28.82056388442877
Te_36114_140.csv,31.231960568771893
Te_36114_141.csv,29.354394548988672
Te_36114_142.csv,30.49265882429725
Te_36114_143.csv,30.199445881221607
Te_36114_144.csv,30.029104397079543
Te_36114_145.csv,31.314874332251428
Te_36114_146.csv,28.860363685963936
Te_36114_147.csv,29.18758363680503
Te_36114_148.csv,30.25588641147768
Te_36114_149.csv,29.776992273761202
Te_36114_150.csv,30.127817122609393
Te_36114_151.csv,30.82725235803961
Te_36114_152.csv,28.83762571851356
Te_36114_153.csv,28.923701247725653
Te_36114_154.csv,29.85557461217274
Te_36114_155.csv,29.051936006746743
Te_36114_156.csv,28.103950299070267
Te_36114_157.csv,29.165249391924736
Te_36114_158.csv,29.42413300928953
Te_36114_159.csv,29.406197414999223
Te_36114_160.csv,30.036907347325922
Te_36114_161.csv,28.95107581779326
Te_36114_162.csv,27.74962312106128
Te_36114_163.csv,27.274638038937116
Te_36114_164.csv,30.45370894620054
Te_36114_165.csv,28.885201865127616
Te_36114_166.csv,28.209944351206847
Te_36114_167.csv,29.616097487882662
Te_36114_168.csv,30.883974457498617
Te_36114_169.csv,29.409517272743674
Te_36114_170.csv,30.98267328322738
Te_36114_171.csv,29.27658858875892
Te_36114_172.csv,28.79299425270292
Te_36114_173.csv,29.035654897052797
Te_36114_174.csv,28.857222748002584
Te_36114_175.csv,29.28607260165262
Te_36114_176.csv,30.48510486972211
Te_36114_177.csv,30.86648140383228
Te_36114_178.csv,30.272316228057406
Te_36114_179.csv,25.90109456672574
Te_36114_180.csv,28.054636064524825
Te_36114_181.csv,27.510752972940725
Te_36114_182.csv,29.663976844171046
Te_36114_183.csv,29.186440651585087
Te_36114_184.csv,28.49797502140902
Te_36114_185.csv,28.522176625232344
Te_36114_186.csv,27.60421300786114
Te_36114_187.csv,32.778321127416376
Te_36114_188.csv,30.00565826635582
Te_36114_189.csv,29.794808131519613
Te_36114_190.csv,29.983851518938405
Te_36114_191.csv,29.403777341948835
Te_36114_192.csv,29.50040818694869
Te_36114_193.csv,29.250013638600404
Te_36114_194.csv,28.5961883271549
Te_36114_195.csv,29.50138444642207
Te_36114_196.csv,29.266344999188778
Te_36114_197.csv,29.982716818870927
Te_36114_198.csv,29.264201980317313
Te_36114_199.csv,28.56524753975148
Te_36114_200.csv,30.00705048482777
Te_36114_201.csv,26.679501383819577
Te_36114_202.csv,30.640372832463726
Te_36114_203.csv,29.20667234307059
Te_36114_204.csv,28.862388245296515
Te_36114_205.csv,29.560143227576532
Te_36114_206.csv,28.757959224125834
Te_36114_207.csv,30.916829218117673
Te_36114_208.csv,28.565832598686974
Te_36114_209.csv,31.07281498861392
Te_36114_210.csv,29.343951977143202
Te_36114_211.csv,26.532005370632817
Te_36114_212.csv,30.33591451422089
Te_36114_213.csv,28.89929298284189
Te_36114_214.csv,30.760880504787718
Te_36114_215.csv,29.626824482918163
Te_36114_216.csv,30.707785127795702
Te_36114_217.csv,30.124398087715356
Te_36114_218.csv,28.229200419751983
Te_36114_219.csv,29.69027254647291
Te_36114_220.csv,29.373694994146373
Te_36114_221.csv,29.9583337601304
Te_36114_222.csv,26.52521320493964
Te_36114_223.csv,29.37322843424722
Te_36114_224.csv,28.353525569288095
Te_36114_225.csv,27.5836747549519
Te_36114_226.csv,29.664331614270942
Te_36114_227.csv,31.480470665388843
Te_36114_228.csv,28.428952883071023
Te_36114_229.csv,30.00118715169713
Te_36114_230.csv,29.11282902163868
Te_36114_231.csv,29.1164279624432
Te_36114_232.csv,29.360961526713773
Te_36114_233.csv,28.47598242089597
Te_36114_234.csv,30.08225358976442
Te_36114_235.csv,29.551443295026598
Te_36114_236.csv,30.374164354724055
Te_36114_237.csv,28.225195625822487
Te_36114_238.csv,29.29803292756179
Te_36114_239.csv,28.984288652721297
Te_36114_240.csv,30.791379028620923
Te_36114_241.csv,30.096609876515533
Te_36114_242.csv,29.718567871856123
Te_36114_243.csv,29.419472211903276
Te_36114_244.csv,28.292789068592082
Te_36114_245.csv,28.964824761897965
Te_36114_246.csv,28.522551894310414
Te_36114_247.csv,30.39191287750672
Te_36114_248.csv,29.01765630839844
Te_36114_249.csv,28.361417538732525
Te_36114_250.csv,29.61460736351463
Te_36114_251.csv,30.259076224423787
Te_36114_252.csv,30.135199991582187
Te_36114_253.csv,30.656152146932207
Te_36114_254.csv,29.824429815461333
Te_36114_255.csv,30.05989802572835
Te_36114_256.csv,28.898793955362116
Te_36114_257.csv,28.909045768380967
Te_36114_258.csv,30.017739111484477
Te_36114_259.csv,28.44464827620335
Te_36114_260.csv,30.04520511961496
Te_36114_261.csv,30.46633418623854
Te_36114_262.csv,30.625704934351113
Te_36114_263.csv,29.23467838144514
Te_36114_264.csv,28.319970518147432
Te_36114_265.csv,30.672020882118503
Te_36114_266.csv,30.127221138271764
Te_36114_267.csv,29.28113080564353
Te_36114_268.csv,29.108710918080416
Te_36114_269.csv,27.8030610388914
Te_36114_270.csv,28.208072367982197
Te_36114_271.csv,27.752737064143783
Te_36114_272.csv,27.228110436024014
Te_36114_273.csv,29.48771556754709
Te_36114_274.csv,29.883771397208154
Te_36114_275.csv,29.257515276829686
Te_36114_276.csv,29.992557973699306
Te_36114_277.csv,28.864934865756183
Te_36114_278.csv,28.20431311198384
Te_36114_279.csv,28.511651465461668
Te_36114_280.csv,28.87338568953911
Te_36114_281.csv,28.357453856786698
Te_36114_282.csv,29.067509664288277
Te_36114_283.csv,28.636777547992747
Te_36114_284.csv,29.81337193114023
Te_36114_285.csv,29.220202659643565
Te_36114_286.csv,30.199942973052675
Te_36114_287.csv,29.896891306913297
Te_36114_288.csv,27.038973641383944
Te_36114_289.csv,28.868006294429424
Te_36114_290.csv,28.804614780625514
Te_36114_291.csv,30.212095644370404
Te_36114_292.csv,29.08143675796481
Te_36114_293.csv,29.151553663145755
Te_36114_294.csv,29.8602284863775
Te_36114_295.csv,28.2235466518424
Te_36114_296.csv,29.218438065692194
Te_36114_297.csv,30.237256751947285
Te_36114_298.csv,29.357931171791762
Te_36114_299.csv,29.52345399791287
Te_36114_300.csv,28.455323685428905
Te_36114_301.csv,29.146868996644365
Te_36114_302.csv,29.439932815295265
Te_36114_303.csv,29.901507114429208
Te_36114_304.csv,29.68366555162078
Te_36114_305.csv,28.64369074427257
Te_36114_306.csv,29.401905365921337
Te_36114_307.csv,30.17741719273812
Te_36114_308.csv,27.714670319380755
Te_36114_309.csv,31.027281200723046
Te_36114_310.csv,29.597209114209928
Te_36114_311.csv,29.671545206994416
Te_36114_312.csv,29.846709879592964
Te_36114_313.csv,30.014851005395215
Te_36114_314.csv,29.05464264501448
Te_36114_315.csv,29.59987565336887
Te_36114_316.csv,26.963711192843817
Te_36114_317.csv,29.894655997015484
Te_36114_318.csv,30.073592049592907
Te_36114_319.csv,29.352014605615537
Te_36114_320.csv,29.025650826621888
Te_36114_321.csv,29.963473849821472
Te_36114_322.csv,27.091646632406206
Te_36114_323.csv,29.127165449662254
Te_36114_324.csv,28.39682179027579
Te_36114_325.csv,30.278569419858506
Te_36114_326.csv,29.366474195078396
Te_36114_327.csv,28.65391188491183
Te_36114_328.csv,29.639004097556487
Te_36114_329.csv,28.627749627502556
Te_36114_330.csv,28.961349378511294
Te_36114_331.csv,30.879598801314728
Te_36114_332.csv,29.820914357664915
Te_36114_333.csv,29.406787996412355
Te_36114_334.csv,29.474631594772067
Te_36114_335.csv,29.65913839334764
Te_36114_336.csv,29.68249575159868
Te_36114_337.csv,28.434868345064597
Te_36114_338.csv,29.395072246314296
Te_36114_339.csv,29.903171928326607
Te_36114_340.csv,29.48889067693387
Te_36114_341.csv,28.90010515424394
Te_36114_342.csv,31.006215385992302
Te_36114_343.csv,29.74881795439962
Te_36114_344.csv,29.6407029704092
Te_36114_345.csv,29.683687842903954
Te_36114_346.csv,29.303606851182874
Te_36114_347.csv,29.2457889851182
Te_36114_348.csv,28.6927524055934
Te_36114_349.csv,28.563761220888313
Te_36114_350.csv,30.355380043332737
Te_36114_351.csv,29.92621173927295
Te_36114_352.csv,30.190383853052857
Te_36114_353.csv,29.083364704848666
Te_36114_354.csv,29.524965103226627
Te_36114_355.csv,27.733397492146374
Te_36114_356.csv,30.2904319789817
Te_36114_357.csv,28.810704812541523
Te_36114_358.csv,30.346859089356137
Te_36114_359.csv,30.584730638050633
Te_36114_360.csv,28.35233543913425
Te_36114_361.csv,30.657871679320916
Te_36114_362.csv,29.329395384409075
Te_36114_363.csv,28.97335044976865
Te_36114_364.csv,28.683287394184354
Te_36114_365.csv,29.642501559236052
Te_36114_366.csv,28.74741655591665
Te_36114_367.csv,27.736205355026822
Te_36114_368.csv,29.510294897265744
Te_36114_369.csv,26.470680387738653
Te_36114_370.csv,31.02350282370645
Te_36114_371.csv,29.31937230450801
Te_36114_372.csv,30.149423251326578
Te_36114_373.csv,31.01202566641035
Te_36114_374.csv,30.902299759057826
Te_36114_375.csv,29.316899357406967
Te_36114_376.csv,30.268366654883184
Te_36114_377.csv,29.199646885260645
Te_36114_378.csv,30.54845803643427
Te_36114_379.csv,29.22903516692009
Te_36114_380.csv,28.74859659266981
Te_36114_381.csv,30.347323301128032
Te_36114_382.csv,29.53331932033975
Te_36114_383.csv,29.503315402829617
Te_36114_384.csv,29.588861546664692
Te_36114_385.csv,30.213822233947973
Te_36114_386.csv,28.91349130603148
Te_36114_387.csv,30.536596626399888
Te_36114_388.csv,28.31601498781701
Te_36114_389.csv,29.455001386624247
Te_36114_390.csv,28.19534790647197
Te_36114_391.csv,28.803576914099953
Te_36114_392.csv,29.92033875822649
Te_36114_393.csv,29.82869116681658
Te_36114_394.csv,29.098933979187855
Te_36114_395.csv,28.758736205219822
Te_36114_396.csv,30.388949078488608
Te_36114_397.csv,30.110292640036906
Te_36114_398.csv,28.60117694101951
Te_36114_399.csv,30.109553008923893
Te_36114_400.csv,29.98889555647529
Te_36114_401.csv,29.6978517746358
Te_36114_402.csv,30.645247090498763
Te_36114_403.csv,29.392811406156458
Te_36114_404.csv,29.641290949951557
Te_36114_405.csv,31.08335084485306
Te_36114_406.csv,28.69695207546797
Te_36114_407.csv,28.841809865760364
Te_36114_408.csv,28.62254199329298
Te_36114_409.csv,30.43944673697433
Te_36114_410.csv,28.4686760250778
Te_36114_411.csv,30.56736630383651
Te_36114_412.csv,28.91079802310969
Te_36114_413.csv,26.796294966029116
Te_36114_414.csv,29.24850747729289
Te_36114_415.csv,27.99111332555832
Te_36114_416.csv,27.743480290313293
Te_36114_417.csv,28.482508902686522
Te_36114_418.csv,28.165314552839277
Te_36114_419.csv,28.873836639410015
Te_36114_420.csv,28.67655241911816
Te_36114_421.csv,28.932607232019684
Te_36114_422.csv,29.65229113296787
Te_36114_423.csv,29.524116813967094
Te_36114_424.csv,28.367738676693623
Te_36114_425.csv,30.36253352304965
Te_36114_426.csv,30.194391706783453
Te_36114_427.csv,28.613266422513995
Te_36114_428.csv,30.762758692012863
Te_36114_429.csv,28.6734300635888
Te_36114_430.csv,29.92742510739505
Te_36114_431.csv,28.30384675280147
Te_36114_432.csv,30.55077391663149
Te_36114_433.csv,30.50530302138227
Te_36114_434.csv,27.129977978696186
Te_36114_435.csv,29.313248341976898
Te_36114_436.csv,29.952148302712658
Te_36114_437.csv,28.41446670601958
Te_36114_438.csv,29.29148337024752
Te_36114_439.csv,30.792949949714572
Te_36114_440.csv,30.101645642792707
Te_36114_441.csv,30.612855472686086
Te_36114_442.csv,29.37219962542086
Te_36114_443.csv,30.899491453170647
Te_36114_444.csv,29.22050990991565
Te_36114_445.csv,28.995197463897156
Te_36114_446.csv,29.69197881434348
Te_36114_447.csv,29.50951219732656
Te_36114_448.csv,28.020241963552774
Te_36114_449.csv,28.549691473205442
Te_36114_450.csv,29.302217418670843
Te_36114_451.csv,30.447687814185635
Te_36114_452.csv,29.74840020503226
Te_36114_453.csv,28.987413428506223
Te_36114_454.csv,30.158173796299405
Te_36114_455.csv,28.98466221571205
Te_36114_456.csv,29.10821216079927
Te_36114_457.csv,30.060767175768316
Te_36114_458.csv,30.071175701965142
Te_36114_459.csv,28.476211706103157
Te_36114_460.csv,27.681406846677454
Te_36114_461.csv,30.22002201132107
Te_36114_462.csv,29.927829683796237
Te_36114_463.csv,29.70965937714758
Te_36114_464.csv,31.11582660067261
Te_36114_465.csv,31.155548006946738
Te_36114_466.csv,29.794453449499848
Te_36114_467.csv,30.952181637563143
Te_36114_468.csv,30.05629305864167
Te_36114_469.csv,27.76509007330207
Te_36114_470.csv,30.769541317133587
Te_36114_471.csv,30.601750044284167
Te_36114_472.csv,31.0265731011591
Te_36114_473.csv,31.180191201757484
Te_36114_474.csv,30.40484349052671
Te_36114_475.csv,29.36506707242868
Te_36114_476.csv,29.36812117574585
Te_36114_477.csv,28.604160334290235
Te_36114_478.csv,29.128800938562758
Te_36114_479.csv,28.77967562777004
Te_36114_480.csv,30.195896977547974
Te_36114_481.csv,31.258543370302846
Te_36114_482.csv,29.897321612521406
Te_36114_483.csv,28.965281195475995
Te_36114_484.csv,31.23499116364119
Te_36114_485.csv,29.78554267291338
Te_36114_486.csv,30.985283686750215
Te_36114_487.csv,30.170612537434778
Te_36114_488.csv,27.5395811937668
Te_36114_489.csv,29.365165588557296
Te_36114_490.csv,29.084968580827507
Te_36114_491.csv,27.234397499127354
Te_36114_492.csv,30.305629755762787
Te_36114_493.csv,30.11766755695936
Te_36114_494.csv,30.746600922117175
Te_36114_495.csv,28.52605561217409
Te_36114_496.csv,28.867370608226448
Te_36114_497.csv,30.486637488470343
Te_36114_498.csv,29.3573101224286
Te_36114_499.csv,28.26668044992183
Te_36114_500.csv,30.280726593303005
Te_36120_1.csv,29.938149138104926
Te_36120_2.csv,29.41769564786375
Te_36120_3.csv,29.889387595925854
Te_36120_4.csv,30.393433472782462
Te_36120_5.csv,29.965665918982925
Te_36120_6.csv,30.486624108527757
Te_36120_7.csv,28.670795546894112
Te_36120_8.csv,30.361429464867246
Te_36120_9.csv,30.052009797922498
Te_36120_10.csv,29.52916088199268
Te_36120_11.csv,30.523526355292976
Te_36120_12.csv,30.590285423634192
Te_36120_13.csv,29.30019399495367
Te_36120_14.csv,29.91766284152975
Te_36120_15.csv,28.311664831212667
Te_36120_16.csv,30.4793804254919
Te_36120_17.csv,28.9594564424941
Te_36120_18.csv,27.16088645621414
Te_36120_19.csv,29.51923073903841
Te_36120_20.csv,30.133816711266444
Te_36120_21.csv,28.323094606967366
Te_36120_22.csv,30.020613120972758
Te_36120_23.csv,29.027098037137847
Te_36120_24.csv,28.40296737808978
Te_36120_25.csv,27.76799608920704
Te_36120_26.csv,29.69705913801582
Te_36120_27.csv,31.2105028190673
Te_36120_28.csv,31.682254347797794
Te_36120_29.csv,29.145428347771116
Te_36120_30.csv,31.161163607100136
Te_36120_31.csv,28.205426493858685
Te_36120_32.csv,30.846195285064013
Te_36120_33.csv,31.07668023477097
Te_36120_34.csv,31.680442930574884
Te_36120_35.csv,29.46176406676653
Te_36120_36.csv,31.947657050218076
Te_36120_37.csv,30.07274735849727
Te_36120_38.csv,30.376668488963887
Te_36120_39.csv,30.496037493845744
Te_36120_40.csv,31.10700145497043
Te_36120_41.csv,30.00433343917857
Te_36120_42.csv,28.517347634480952
Te_36120_43.csv,28.557691767647764
Te_36120_44.csv,28.122635802055264
Te_36120_45.csv,29.656944254738487
Te_36120_46.csv,28.69977619696708
Te_36120_47.csv,29.262554678542248
Te_36120_48.csv,30.341901245576377
Te_36120_49.csv,29.336792292129658
Te_36120_50.csv,28.940351210201552
Te_36120_51.csv,29.550333625409618
Te_36120_52.csv,28.40359591523107
Te_36120_53.csv,29.65090961917872
Te_36120_54.csv,28.151300768640695
Te_36120_55.csv,27.99210018479123
Te_36120_56.csv,31.407252438422912
Te_36120_57.csv,29.11882706701185
Te_36120_58.csv,29.295651033047186
Te_36120_59.csv,29.799882058108718
Te_36120_60.csv,29.51665134547947
Te_36120_61.csv,31.12940711167519
Te_36120_62.csv,29.371987622946804
Te_36120_63.csv,29.698846181506948
Te_36120_64.csv,28.88316340298989
Te_36120_65.csv,28.951603424483327
Te_36120_66.csv,29.628127692678767
Te_36120_67.csv,31.156472887568782
Te_36120_68.csv,28.659411940265105
Te_36120_69.csv,29.458732354407303
Te_36120_70.csv,30.039282580692017
Te_36120_71.csv,28.404814819666058
Te_36120_72.csv,29.82098441775587
Te_36120_73.csv,29.307761282813605
Te_36120_74.csv,29.389227910902342
Te_36120_75.csv,30.204934472504235
Te_36120_76.csv,29.46737774233889
Te_36120_77.csv,30.675272606334424
Te_36120_78.csv,29.620471124733893
Te_36120_79.csv,29.923627713696316
Te_36120_80.csv,31.00286788334098
Te_36120_81.csv,30.463780032431067
Te_36120_82.csv,28.963772367949847
Te_36120_83.csv,29.133920185305403
Te_36120_84.csv,29.76339827661743
Te_36120_85.csv,30.389732589671404
Te_36120_86.csv,30.74814382459449
Te_36120_87.csv,30.05946535254948
Te_36120_88.csv,27.377570653954724
Te_36120_89.csv,29.909440815201524
Te_36120_90.csv,29.584503830647712
Te_36120_91.csv,31.08002382593277
Te_36120_92.csv,29.60232846580605
Te_36120_93.csv,28.12614471321313
Te_36120_94.csv,31.3190581674785
Te_36120_95.csv,30.442031086674195
Te_36120_96.csv,30.02506451487269
Te_36120_97.csv,28.0461210648983
Te_36120_98.csv,28.057286607231696
Te_36120_99.csv,30.05088513864605
Te_36120_100.csv,30.146652790453444
Te_36120_101.csv,27.60796194175194
Te_36120_102.csv,30.351467301547448
Te_36120_103.csv,31.15099969492635
Te_36120_104.csv,28.902905529248635
Te_36120_105.csv,29.188162305471362
Te_36120_106.csv,31.595198922011026
Te_36120_107.csv,29.580540714292596
Te_36120_108.csv,30.08337404988889
Te_36120_109.csv,30.455571573987065
Te_36120_110.csv,28.79740036743532
Te_36120_111.csv,29.6654864113896
Te_36120_112.csv,29.40884055057966
Te_36120_113.csv,30.365671636646674
Te_36120_114.csv,29.033402165879636
Te_36120_115.csv,29.65420159230979
Te_36120_116.csv,29.90628166521939
Te_36120_117.csv,29.848961575949076
Te_36120_118.csv,29.8468724144734
Te_36120_119.csv,30.177332013979466
Te_36120_120.csv,28.47438340533927
Te_36120_121.csv,29.342577550659833
Te_36120_122.csv,28.53694142513119
Te_36120_123.csv,29.060279573022246
Te_36120_124.csv,29.66961797675689
Te_36120_125.csv,30.919052577727264
Te_36120_126.csv,29.371259793487596
Te_36120_127.csv,30.069063932063013
Te_36120_128.csv,31.8258032738769
Te_36120_129.csv,27.944909347198532
Te_36120_130.csv,29.125623332539394
Te_36120_131.csv,31.212479086989905
Te_36120_132.csv,30.335966839804076
Te_36120_133.csv,29.540403916684994
Te_36120_134.csv,29.64095988325005
Te_36120_135.csv,29.377926155675475
Te_36120_136.csv,30.506434824761122
Te_36120_137.csv,27.73598227179255
Te_36120_138.csv,29.90172713740047
Te_36120_139.csv,29.028760676685806
Te_36120_140.csv,29.810523909939928
Te_36120_141.csv,30.32551070793026
Te_36120_142.csv,27.965948933458986
Te_36120_143.csv,30.06191508076837
Te_36120_144.csv,29.58595359402588
Te_36120_145.csv,29.374306337929895
Te_36120_146.csv,29.980518465729435
Te_36120_147.csv,29.09208234346312
Te_36120_148.csv,29.406258529544893
Te_36120_149.csv,30.711270189457707
Te_36120_150.csv,30.59087183845017
Te_36120_151.csv,30.33022580175021
Te_36120_152.csv,28.754268969584924
Te_36120_153.csv,29.32612459502056
Te_36120_154.csv,29.72808362960673
Te_36120_155.csv,29.03587746254958
Te_36120_156.csv,30.09247720821607
Te_36120_157.csv,30.158229840438405
Te_36120_158.csv,30.136752755413326
Te_36120_159.csv,29.449917016741924
Te_36120_160.csv,27.717399213620553
Te_36120_161.csv,29.465865814858493
Te_36120_162.csv,28.44317627819707
Te_36120_163.csv,30.93187852764014
Te_36120_164.csv,30.60040809487827
Te_36120_165.csv,29.32272709347122
Te_36120_166.csv,30.56077415223667
Te_36120_167.csv,30.609749786705944
Te_36120_168.csv,28.921152021540024
Te_36120_169.csv,26.484713899659038
Te_36120_170.csv,28.602898011748923
Te_36120_171.csv,29.305664198437288
Te_36120_172.csv,30.079818097869317
Te_36120_173.csv,30.729411470827916
Te_36120_174.csv,30.476777810285622
Te_36120_175.csv,31.60075077723833
Te_36120_176.csv,29.500593991825557
Te_36120_177.csv,30.65943770700905
Te_36120_178.csv,29.47002681582859
Te_36120_179.csv,29.961251205104233
Te_36120_180.csv,30.32446057032817
Te_36120_181.csv,29.059840747408906
Te_36120_182.csv,29.69882573944134
Te_36120_183.csv,30.86649922814671
Te_36120_184.csv,31.20481127580818
Te_36120_185.csv,31.543184985638877
Te_36120_186.csv,28.89630907391011
Te_36120_187.csv,29.899167805610627
Te_36120_188.csv,29.69150697812793
Te_36120_189.csv,30.2110403945835
Te_36120_190.csv,30.35498351847494
Te_36120_191.csv,28.864529025303426
Te_36120_192.csv,30.980770249236098
Te_36120_193.csv,28.0479578602151
Te_36120_194.csv,29.82323785805369
Te_36120_195.csv,28.93802888196003
Te_36120_196.csv,28.384722594141984
Te_36120_197.csv,31.4340427199248
Te_36120_198.csv,28.785919227603284
Te_36120_199.csv,29.476280948988485
Te_36120_200.csv,31.016595149478253
Te_36120_201.csv,29.927987142539067
Te_36120_202.csv,30.534464227548398
Te_36120_203.csv,29.960005703558434
Te_36120_204.csv,30.65614272246513
Te_36120_205.csv,28.60890757291285
Te_36120_206.csv,30.209550995683596
Te_36120_207.csv,29.444136633333542
Te_36120_208.csv,27.211441856789907
Te_36120_209.csv,29.152714998488623
Te_36120_210.csv,28.733020100229815
Te_36120_211.csv,30.088398289866593
Te_36120_212.csv,29.726878088351857
Te_36120_213.csv,29.75666825651564
Te_36120_214.csv,29.975567503300923
Te_36120_215.csv,30.716940922307685
Te_36120_216.csv,29.05666357215793
Te_36120_217.csv,29.865559022296864
Te_36120_218.csv,30.12884194743568
Te_36120_219.csv,31.07432912047905
Te_36120_220.csv,29.501090605892625
Te_36120_221.csv,30.972495506123636
Te_36120_222.csv,29.8085436690379
Te_36120_223.csv,30.274550416866315
Te_36120_224.csv,28.67063296314389
Te_36120_225.csv,27.38012764414166
Te_36120_226.csv,30.770065484003876
Te_36120_227.csv,28.749342105186127
Te_36120_228.csv,29.27479703217444
Te_36120_229.csv,30.2357703125987
Te_36120_230.csv,30.63733005732495
Te_36120_231.csv,30.80261923847683
Te_36120_232.csv,29.001078612581395
Te_36120_233.csv,30.908430807713177
Te_36120_234.csv,30.83497954729096
Te_36120_235.csv,28.031814776120736
Te_36120_236.csv,31.313742099188623
Te_36120_237.csv,30.643081599206532
Te_36120_238.csv,30.130787242647965
Te_36120_239.csv,30.383746268534725
Te_36120_240.csv,30.18051528559775
Te_36120_241.csv,29.246786062006787
Te_36120_242.csv,28.814330236105686
Te_36120_243.csv,30.106069337698347
Te_36120_244.csv,29.194820919911052
Te_36120_245.csv,28.89742668319411
Te_36120_246.csv,29.3889341310234
Te_36120_247.csv,29.932769114610906
Te_36120_248.csv,29.14519462246761
Te_36120_249.csv,29.52467278571175
Te_36120_250.csv,28.651258309730228
Te_36120_251.csv,30.725261532833745
Te_36120_252.csv,30.424430973022044
Te_36120_253.csv,29.994858927587284
Te_36120_254.csv,28.47179883801042
Te_36120_255.csv,28.37952863221445
Te_36120_256.csv,28.875665631806736
Te_36120_257.csv,29.348382973921435
Te_36120_258.csv,30.675703784246227
Te_36120_259.csv,29.331174086784266
Te_36120_260.csv,30.459824736935452
Te_36120_261.csv,28.377676197608604
Te_36120_262.csv,29.908477551764083
Te_36120_263.csv,30.057262329601294
Te_36120_264.csv,30.941781704099665
Te_36120_265.csv,30.51216344595996
Te_36120_266.csv,29.350366133335772
Te_36120_267.csv,27.645033955246944
Te_36120_268.csv,29.503338734907736
Te_36120_269.csv,29.804674453522882
Te_36120_270.csv,30.67416271415718
Te_36120_271.csv,30.39082751466705
Te_36120_272.csv,29.560268697587748
Te_36120_273.csv,30.138452655443036
Te_36120_274.csv,30.5137829634288
Te_36120_275.csv,28.78258381513965
Te_36120_276.csv,30.117591242676347
Te_36120_277.csv,31.224354863927672
Te_36120_278.csv,30.060765074703294
Te_36120_279.csv,30.301729068079194
Te_36120_280.csv,29.17800658990957
Te_36120_281.csv,31.282786054638155
Te_36120_282.csv,30.450878415997664
Te_36120_283.csv,28.59107753027521
Te_36120_284.csv,31.52698783758332
Te_36120_285.csv,30.152904953573124
Te_36120_286.csv,29.313906403992238
Te_36120_287.csv,29.88635543031484
Te_36120_288.csv,28.359173862431447
Te_36120_289.csv,29.320832792585648
Te_36120_290.csv,28.671321000908602
Te_36120_291.csv,29.161865645613023
Te_36120_292.csv,29.32723621788486
Te_36120_293.csv,31.25695412369833
Te_36120_294.csv,29.79324228303141
Te_36120_295.csv,28.280395821801402
Te_36120_296.csv,31.069195986932638
Te_36120_297.csv,31.60124727493682
Te_36120_298.csv,29.93816022179608
Te_36120_299.csv,29.891764716430824
Te_36120_300.csv,28.81838556252678
Te_36120_301.csv,31.127138760884613
Te_36120_302.csv,31.648256299128647
Te_36120_303.csv,29.26875305813291
Te_36120_304.csv,30.560548416308613
Te_36120_305.csv,30.58478210550143
Te_36120_306.csv,29.40354864840152
Te_36120_307.csv,30.527963568748593
Te_36120_308.csv,30.092742840839016
Te_36120_309.csv,28.175961597841994
Te_36120_310.csv,28.482243741187425
Te_36120_311.csv,29.635513438903107
Te_36120_312.csv,27.94923941020728
Te_36120_313.csv,28.86614415007937
Te_36120_314.csv,29.553969289993262
Te_36120_315.csv,30.953219966728074
Te_36120_316.csv,29.232234223292817
Te_36120_317.csv,29.892483906117885
Te_36120_318.csv,29.52743636187611
Te_36120_319.csv,29.481965716804133
Te_36120_320.csv,30.261427942055445
Te_36120_321.csv,29.273142685868088
Te_36120_322.csv,28.409213024958607
Te_36120_323.csv,29.484190427607498
Te_36120_324.csv,29.651809549102623
Te_36120_325.csv,30.32628981062286
Te_36120_326.csv,30.27178489732527
Te_36120_327.csv,30.395409402434698
Te_36120_328.csv,29.05126065131761
Te_36120_329.csv,31.284634199460985
Te_36120_330.csv,28.884653274065002
Te_36120_331.csv,28.13916989611843
Te_36120_332.csv,30.04950635111678
Te_36120_333.csv,30.663471757565794
Te_36120_334.csv,26.95391127164841
Te_36120_335.csv,29.715670098895593
Te_36120_336.csv,31.067029012034574
Te_36120_337.csv,28.892899923339886
Te_36120_338.csv,29.426412287064736
Te_36120_339.csv,30.11491198392127
Te_36120_340.csv,28.896259911263076
Te_36120_341.csv,27.710751831164647
Te_36120_342.csv,30.35753900221524
Te_36120_343.csv,29.269195329556165
Te_36120_344.csv,30.748104549371348
Te_36120_345.csv,29.519528368883467
Te_36120_346.csv,29.118367847192633
Te_36120_347.csv,30.559827721955948
Te_36120_348.csv,29.16490500289545
Te_36120_349.csv,28.813674887736042
Te_36120_350.csv,27.387468736462033
Te_36120_351.csv,28.359838069850692
Te_36120_352.csv,29.232898919352785
Te_36120_353.csv,30.672451577226266
Te_36120_354.csv,29.810793042147612
Te_36120_355.csv,29.14289267297166
Te_36120_356.csv,28.919092438667192
Te_36120_357.csv,29.15490179569321
Te_36120_358.csv,29.491423575941308
Te_36120_359.csv,29.08119091095458
Te_36120_360.csv,28.70261212005366
Te_36120_361.csv,30.617022496327596
Te_36120_362.csv,30.26080191689505
Te_36120_363.csv,28.23574282095122
Te_36120_364.csv,29.548097162945577
Te_36120_365.csv,30.657441113913208
Te_36120_366.csv,30.299138967226806
Te_36120_367.csv,28.72368814575159
Te_36120_368.csv,30.3143720039581
Te_36120_369.csv,29.615470781608824
Te_36120_370.csv,29.801425858440183
Te_36120_371.csv,29.98180521194302
Te_36120_372.csv,28.747172690678887
Te_36120_373.csv,28.780466567353685
Te_36120_374.csv,31.284613844371286
Te_36120_375.csv,29.774702705521634
Te_36120_376.csv,29.625610306870865
Te_36120_377.csv,29.822244173548015
Te_36120_378.csv,29.2456787163985
Te_36120_379.csv,30.04687115099742
Te_36120_380.csv,29.109635696306068
Te_36120_381.csv,28.408698820161817
Te_36120_382.csv,31.02478608476452
Te_36120_383.csv,29.924979166172122
Te_36120_384.csv,28.86580008582117
Te_36120_385.csv,30.316627195083644
Te_36120_386.csv,29.95930966728374
Te_36120_387.csv,30.543106097297994
Te_36120_388.csv,29.842441789477682
Te_36120_389.csv,29.97205475463411
Te_36120_390.csv,28.193770984304468
Te_36120_391.csv,30.597795053682482
Te_36120_392.csv,28.684873148371935
Te_36120_393.csv,28.734902189889407
Te_36120_394.csv,31.903575012813434
Te_36120_395.csv,30.21087476514053
Te_36120_396.csv,28.958186902862664
Te_36120_397.csv,29.123504708595814
Te_36120_398.csv,27.84935217672131
Te_36120_399.csv,27.997488053716744
Te_36120_400.csv,30.866196053721
Te_36120_401.csv,29.441419686871946
Te_36120_402.csv,30.283413764586285
Te_36120_403.csv,30.759511953898677
Te_36120_404.csv,30.54924771733704
Te_36120_405.csv,29.166837930404444
Te_36120_406.csv,29.45274421522286
Te_36120_407.csv,26.631558469083934
Te_36120_408.csv,29.243164004321002
Te_36120_409.csv,28.260076963860502
Te_36120_410.csv,28.442564659074055
Te_36120_411.csv,31.89517367277037
Te_36120_412.csv,28.521116737319044
Te_36120_413.csv,28.846941580391366
Te_36120_414.csv,29.94617400919425
Te_36120_415.csv,29.107994917328114
Te_36120_416.csv,29.861368100725034
Te_36120_417.csv,28.273065033027965
Te_36120_418.csv,29.61552959697331
Te_36120_419.csv,30.036305286744167
Te_36120_420.csv,28.20819187434961
Te_36120_421.csv,31.254622428846393
Te_36120_422.csv,28.63255990376215
Te_36120_423.csv,30.21710923791717
Te_36120_424.csv,29.956962130451316
Te_36120_425.csv,29.023153011792388
Te_36120_426.csv,29.702847360457532
Te_36120_427.csv,30.640531791465307
Te_36120_428.csv,31.28769657010747
Te_36120_429.csv,29.62321663995954
Te_36120_430.csv,28.835063011116873
Te_36120_431.csv,29.352979348234477
Te_36120_432.csv,27.890788951042218
Te_36120_433.csv,30.028561755391472
Te_36120_434.csv,30.854010450156196
Te_36120_435.csv,29.260181802139172
Te_36120_436.csv,29.763585055009408
Te_36120_437.csv,29.93807526849711
Te_36120_438.csv,28.85582075746759
Te_36120_439.csv,28.318701949682833
Te_36120_440.csv,29.507112813744534
Te_36120_441.csv,29.714638396277973
Te_36120_442.csv,27.338076378881293
Te_36120_443.csv,30.11617410198952
Te_36120_444.csv,29.942121351161912
Te_36120_445.csv,30.917061343128978
Te_36120_446.csv,31.04135632655378
Te_36120_447.csv,29.07013325856443
Te_36120_448.csv,28.876874212585268
Te_36120_449.csv,30.207001688566525
Te_36120_450.csv,28.4462227629958
Te_36120_451.csv,26.619860450610695
Te_36120_452.csv,30.543543910899203
Te_36120_453.csv,28.292938664628622
Te_36120_454.csv,28.701048282666296
Te_36120_455.csv,30.82468708399704
Te_36120_456.csv,30.958973610751666
Te_36120_457.csv,29.486692937712544
Te_36120_458.csv,29.807627952604975
Te_36120_459.csv,28.197527219706707
Te_36120_460.csv,31.263856040568353
Te_36120_461.csv,28.71565796091121
Te_36120_462.csv,28.954827154066308
Te_36120_463.csv,28.632822075475037
Te_36120_464.csv,29.861785262667
Te_36120_465.csv,28.12812043881903
Te_36120_466.csv,29.94659403315668
Te_36120_467.csv,30.67958674942713
Te_36120_468.csv,32.041471135632726
Te_36120_469.csv,29.730010733227886
Te_36120_470.csv,30.383432799314587
Te_36120_471.csv,29.942089338710872
Te_36120_472.csv,30.175954770633112
Te_36120_473.csv,29.27480801769354
Te_36120_474.csv,29.087947489137303
Te_36120_475.csv,31.75732277443556
Te_36120_476.csv,29.95468952969248
Te_36120_477.csv,28.054590541693436
Te_36120_478.csv,28.7132966955378
Te_36120_479.csv,30.58575039716081
Te_36120_480.csv,28.4450281775638
Te_36120_481.csv,30.466192538983844
Te_36120_482.csv,29.7502295451768
Te_36120_483.csv,31.21018064597878
Te_36120_484.csv,28.89898966881098
Te_36120_485.csv,29.190404297188064
Te_36120_486.csv,30.41224374022447
Te_36120_487.csv,29.64970095307344
Te_36120_488.csv,30.86776046275895
Te_36120_489.csv,29.00223184509874
Te_36120_490.csv,30.683852252190075
Te_36120_491.csv,29.71514538674807
Te_36120_492.csv,30.147508421158605
Te_36120_493.csv,30.49723822828851
Te_36120_494.csv,30.029648454954852
Te_36120_495.csv,29.04247824094752
Te_36120_496.csv,30.178410357074103
Te_36120_497.csv,28.863079010317126
Te_36120_498.csv,29.383672508216257
Te_36120_499.csv,30.961662767799154
Te_36120_500.csv,30.14425475724603
