,MUE_1,MUE_2,MUE_3,MUE_4,MUE_5,MUE_6,MUE_7,MUE_8,MUE_9,MUE_10,MUE_11,MUE_12,MUE_13,MUE_14,MUE_15,MUE_16,MUE_17,MUE_18,MUE_19,MUE_20,MUE_21,MUE_22,MUE_23,MUE_24,MUE_25,MUE_26,MUE_27,MUE_28,MUE_29,MUE_30,MUE_31,MUE_32,MUE_33,MUE_34,MUE_35,MUE_36
FUE_1,0.43200255442482344,0.538850184033483,0.42118786949307796,0.4925239867890361,0.5229013952334192,0.4745459419900934,0.4511384711421925,0.523143123697413,0.5509475521813686,0.531264428685766,0.4066301710848151,0.3597591961191509,0.48326741119571504,0.3740196217706639,0.431867072969448,0.2989205241886261,0.5307879757083002,0.4866026748519472,0.493556905199095,0.43040521127285014,0.378772802402709,0.4398865362542503,0.3716911393408241,0.4840376246301258,0.5649552765850955,0.4554149672541148,0.19876886810834724,0.3503563210160888,0.4786127562649686,0.43701274234401677,0.4607303268793275,0.28078080513778136,0.5802192476914683,0.4615816316162251,0.44833229050737006,0.3420997052886852
FUE_2,0.4145246981495821,0.5207834542729916,0.4037254445562837,0.47485975663205554,0.5050162143709777,0.4569618033313598,0.43362364793048674,0.5052555966785692,0.5326995472140093,0.5132911881276462,0.38918389622944655,0.34234201403343234,0.46564798147936926,0.3565962557599835,0.41438943133498146,0.2815165365947503,0.512820152702182,0.46896804491880073,0.47588714497781215,0.41292984909546115,0.36134695152953655,0.42239513505628273,0.35426890715008025,0.4664147737654748,0.5464358022095989,0.4378897697633949,0.18136968850027532,0.3329423517812615,0.46101292192052123,0.41952652685018144,0.44319093874578913,0.26337850811475866,0.5613058121879839,0.4440398277424611,0.4308238094944732,0.32468810010880356
FUE_3,0.8511198883735723,0.9582362902197875,0.8402982220170921,0.9117258873697505,0.9422041472997231,0.893711445146834,0.8702725423494048,0.9424469501371029,0.9704173287414715,0.9506075562732589,0.8257332203600446,0.7788490979511946,0.902448941860251,0.7931123172788691,0.8509843097892634,0.7180044668967719,0.9501286163450803,0.905791113794632,0.9127613220364188,0.8495214166333849,0.797866620624139,0.8590100007564374,0.7907833225921932,0.9032207098907364,0.984551186593096,0.8745537387801585,0.6178506399181265,0.7694447715948725,0.897785385620274,0.8561338594651802,0.8798755301146953,0.6998639844860434,1.0,0.8807279300160025,0.867463488925018,0.7611870881039882
FUE_4,0.4792011188368403,0.587069930998044,0.4683601118247783,0.5400422042572954,0.5708027970156747,0.5219263968171053,0.4984001815534903,0.5710486192195564,0.5994883644191844,0.5793198455104585,0.45377488884780914,0.4068543916673739,0.5307084950395606,0.42112533719155065,0.47906527110622915,0.34599328547494035,0.5788338957793936,0.5340699080807153,0.541084656912496,0.47759951987673177,0.42588274597251774,0.4871082230996622,0.4187949256846756,0.5314845920924981,0.6139829973603674,0.5026944214769917,0.2458334584680404,0.39744605236320096,0.5260201614736707,0.4842255747115518,0.5080340684518945,0.3278506931435178,0.6299669233013817,0.508889509600392,0.4955831583494016,0.38918541661502465
FUE_5,0.49354210717638297,0.6008241526415754,0.4827161573124232,0.5542000693919139,0.5847404848113318,0.5361632448481564,0.5127050343566406,0.5849839508837668,0.6130570515338134,0.5931688343532797,0.4681466757223413,0.42125449111432417,0.5449105943160051,0.4355194232779897,0.49340646899124413,0.36040620696588177,0.5926883572568037,0.5482570146194499,0.5552370523837475,0.49194294291675217,0.440274415015519,0.5014359818035077,0.4331901145090192,0.5456833182905085,0.6272693553281685,0.5169891168057849,0.2602510493459168,0.4118492750383071,0.5402415654535014,0.4985583998658671,0.5223148579500556,0.34226525664690544,0.6428337090346316,0.5231679304900213,0.5098942172411,0.4035909369603535
FUE_6,0.4181324017266921,0.5240414723432697,0.40734240019748075,0.4783560767583331,0.5083813416568984,0.46050590767979127,0.4372092060437985,0.5086193358452948,0.5358512317369283,0.5166042852543644,0.39281053975718644,0.34598612195978323,0.46917101540912287,0.36023665011390976,0.41799726357151823,0.28516857053797845,0.5161364465912193,0.47248201091580894,0.4793801702598008,0.41653904773283323,0.36498585388002097,0.42599472135575,0.3579099823308834,0.469935766370787,0.5494293837701347,0.4414691177470183,0.18502461146374283,0.3365883893798106,0.46454765227637435,0.4231292204524248,0.4467617954256659,0.26703155783673493,0.5640723483184277,0.4476092392909741,0.4344131651148906,0.3283355577104188
FUE_7,0.4083752087064881,0.5161359300659949,0.39753696184323195,0.46918267118732965,0.49990270435309714,0.4510813779855121,0.4275676445943784,0.5001480917383657,0.5285199697292791,0.5084033721378898,0.38295462371858835,0.3360393133888148,0.4598570929308949,0.35030915746856045,0.40823939939263276,0.2751805554004197,0.5079184337654054,0.4632157507181335,0.4702241180209322,0.40677405610102524,0.35506612349838,0.41627988726460535,0.3479789479541013,0.4606325701633032,0.5429620657776902,0.43186002105367693,0.17502158341379212,0.3266315461118246,0.4551723060474281,0.4133981678916142,0.4371971163995148,0.2570382637484332,0.5588674692649168,0.4380521228660981,0.4247517597913448,0.3183713311691713
FUE_8,0.46149794556169704,0.5695135616217092,0.45065319962406036,0.5223846159880596,0.5532002944472909,0.5042491217107823,0.48070598703123174,0.5534467077676158,0.5819788642559911,0.5617396201612719,0.43606406931594777,0.3891365482424226,0.5130398764310149,0.40340898516953266,0.46136204578802537,0.32827226273919125,0.5612522945175777,0.5164050267347893,0.5234284334193219,0.45989574193213323,0.40816699347629715,0.4694083361097682,0.4010783001504874,0.5138168141743821,0.5965452377253836,0.48500275228458345,0.22811127817941648,0.3797274344194403,0.5083467328123983,0.46652442907042224,0.49034585753615456,0.31012926333334506,0.6126367212798094,0.4912018878596323,0.4778874211975426,0.37146622891830516
FUE_9,0.39386541580738055,0.5024447459953263,0.3830064168089168,0.45492627300210653,0.4859534673851694,0.4367154586381476,0.41310770589540896,0.4862021565740714,0.5150917201980965,0.4945786533201365,0.36840239694121674,0.32144812417125246,0.4455393147296146,0.3357262398509772,0.39372931760653085,0.26057173565544867,0.4940860192928846,0.4489187644042067,0.4559753172503574,0.39226090678564285,0.3404865311764322,0.4017883381518704,0.33339451333012626,0.4463194686410526,0.5299377862748181,0.41741410911910587,0.16040634543690627,0.31203606156643693,0.4408277746565764,0.39889963095110703,0.4227704167534533,0.24242718686408946,0.5464523137219209,0.42362869676094095,0.41028325373867625,0.3037726870170508
FUE_10,0.39417230783651197,0.5024040853574424,0.38332207695529813,0.45512593216028824,0.4860227202396805,0.43696150396475475,0.41339352512330896,0.4862700051336097,0.5149387319155653,0.49459491030008174,0.3687272157358352,0.32178939544228613,0.44576497775235013,0.3360640189334747,0.3940363317095685,0.26092044924917074,0.4941055537989317,0.4491356209285124,0.4561717564575684,0.3925692170980476,0.34082290625764317,0.4020875201472716,0.3337329329028546,0.4465431510190284,0.5296115596813815,0.4176939972083878,0.1607577679636875,0.31237914615122253,0.44106476601059236,0.3992017662746322,0.42304217947667266,0.2427768531479774,0.545863358884019,0.423899074840797,0.4105726951518735,0.3041171054026315
FUE_11,0.5325822039009606,0.6402693155741759,0.5217458401989983,0.5933667405501537,0.6240591525754314,0.575275340716139,0.5517701192289269,0.6243042440524814,0.6526299891271803,0.6325486757388219,0.5071654705036966,0.46025369981259745,0.5840467040216619,0.47452279218704174,0.5324464207964301,0.3993965445013524,0.632064425266893,0.5874034837717819,0.5944075019624887,0.5309813558171561,0.4792794560593185,0.5404852276225954,0.47219272052472383,0.5848217587566255,0.667036445172509,0.556061224688242,0.299238156107652,0.4508463229392936,0.5793643348851566,0.5376041420157108,0.5613965797914767,0.38125445807579406,0.682888697475175,0.5622512898144971,0.5489550109263177,0.44258639519762516
FUE_12,0.4217100241536195,0.5276560394070482,0.4109190419950169,0.48194549203723197,0.5119846170489405,0.4640902666240381,0.4407891750174976,0.5122227577140536,0.5394769873252591,0.5202130484730006,0.3963861545585775,0.34955988494118817,0.47275760447282805,0.36381080690862067,0.42157487236290137,0.2887414929014612,0.5197448727818845,0.4760695594823809,0.4829699340267698,0.4201165117088024,0.3685601688898988,0.42957320400215415,0.3614840669278862,0.4735225714462016,0.5530717358167437,0.4450497445831138,0.18859722739375442,0.34016194771490266,0.46813300347942477,0.42670737382061175,0.4503433216593449,0.2706043724600939,0.567738451902881,0.45119091857915355,0.4379927317684023,0.33190896544631093
FUE_13,0.43142881168757496,0.5392479795061511,0.4205890716074487,0.4922544608547399,0.5229964252824827,0.47414531757321504,0.4506248324786961,0.5232420477373316,0.5516506042710081,0.5315059480808125,0.4060051727619819,0.3590870562138395,0.482924485066519,0.37335749621425496,0.4312929815908432,0.2982270277433146,0.5310204630310528,0.4862846330361768,0.4932964516519433,0.42982741761063387,0.37811470178651896,0.4393348024999472,0.37102717741515484,0.4837002975328967,0.5661210779556614,0.4549182169734927,0.19806759314614733,0.34967897944739257,0.478237779900092,0.4364525805531391,0.4602566925876333,0.2800845734084924,0.582068869548254,0.46111193418613905,0.4478083318524675,0.34141853683117795
FUE_14,0.4615314028335327,0.5694001961408336,0.4506903963023809,0.522372482393619,0.5531330680773507,0.5042566774836963,0.4807304643954597,0.5533788902053577,0.5818186235542434,0.5616501137132867,0.4361051738280209,0.3891846775511843,0.5130387745934453,0.4034556228834868,0.4613955551096153,0.3283235717677994,0.5611641641587565,0.5164001871542715,0.5234149348734474,0.45992980395119587,0.4082130315873244,0.46943850667369397,0.4011252114117997,0.5138148715383307,0.5963132473105681,0.4850247039942254,0.22816374490983615,0.3797763383466582,0.508350441645816,0.4665558584474599,0.49036435052445015,0.3101809794887527,0.6122971595057594,0.49121979159719253,0.4779134413897478,0.3715157026717852
FUE_15,0.46048503122859746,0.5670353768805664,0.4496781132783075,0.5209125629504584,0.5511784250752586,0.5029748918715061,0.4796023367157657,0.5514189677801562,0.5790408821695499,0.5594969338629814,0.4351285423385958,0.38827220491263664,0.511678574983339,0.40252951957985383,0.46034965781549264,0.32744017017557364,0.5590232212218564,0.5150061760708824,0.5219426925000132,0.458888943499535,0.40728145008337063,0.4683621945765088,0.40020160756193013,0.5124470638861973,0.5929107299517759,0.48387360860638673,0.22729093242855375,0.3788709460423496,0.5070337965557354,0.4654910112455672,0.48918182131623683,0.3093013014656405,0.6079739572824614,0.49003190929970725,0.4767993495849955,0.37061551952583055
FUE_16,0.592337893586843,0.6999240070973128,0.5815041183562658,0.6530909364173629,0.6837454500122074,0.6350131231613184,0.6115195961905096,0.6839901357479621,0.7122526941445887,0.6922196959018037,0.5669264545836148,0.5200195503312032,0.643778509567226,0.5342876091623477,0.5922021465063634,0.45916459871441206,0.6917363881843342,0.6471327102480623,0.6541307567757293,0.5907374640630796,0.5390438575990923,0.6002386428685487,0.53195772703452,0.6445529840752112,0.7266104296973244,0.6158089551211932,0.3590070128075007,0.5106127102507785,0.6390994610106434,0.5973584283012051,0.6211419190628118,0.4410227944890149,0.7423901757777782,0.6219962217804291,0.6087055549580275,0.5023531774078487
FUE_17,0.7781300105776778,0.8853898989765616,0.767304632847983,0.8387810288522985,0.8693131301078949,0.8207471960655104,0.7972915654262083,0.8695565074151315,0.8976158477738582,0.8777381409845846,0.7527357495826855,0.7058446416179239,0.8294932286972256,0.7201093450583984,0.7779943803535204,0.6449968452619497,0.877257869702591,0.8328390811301294,0.8398178048426992,0.7765309388185095,0.7248642448697016,0.7860233826589703,0.7177800782308483,0.8302658248963491,0.9118176267310367,0.8015752623066664,0.5448418653129664,0.69643954434776,0.8248249312870743,0.783145993161092,0.8069004757297333,0.626855957419869,0.9273664527290428,0.8077534583970432,0.7944809839282589,0.6881812936768129
FUE_18,0.5491818328751851,0.6557417974384699,0.5383746628745311,0.609612408821702,0.6398818800599113,0.5916734295189421,0.5682997421710475,0.6401224610885741,0.6677502638699823,0.6482018272829478,0.5238248281455588,0.4769680155315549,0.600377689076891,0.4912254312039514,0.5490464559562039,0.4161357652825989,0.6477280261469668,0.6037055384466633,0.6106426287005853,0.5475857044083046,0.4959774022940221,0.5570592174619878,0.4888975006667628,0.601146233861157,0.681624546155321,0.5725711835132948,0.31598644900461237,0.46756670418419666,0.5957325905769625,0.5541879494291714,0.5778796280110973,0.3979968689598126,0.6966942088623196,0.578729755452986,0.5654966514480908,0.45931123905442955
FUE_19,0.42151487032956575,0.5289973551019639,0.41068375656604134,0.48223555356341324,0.5128511815806895,0.4641716953204802,0.4406901861477339,0.5130954513295115,0.541293310760819,0.5213097691335888,0.3961088753224891,0.3492069760491211,0.4729309418012277,0.3634739718309055,0.42137916028710953,0.2883542911876202,0.5208274274055341,0.4762824935254918,0.4832744076331511,0.419914871150432,0.36822979298462943,0.42941328126196615,0.36114428464514825,0.47370482033518374,0.5556012725060377,0.4449777499071172,0.1881975307817428,0.33980068810375946,0.4682553042129059,0.42653396218398665,0.45030825629683563,0.270212777252444,0.5713071258937428,0.4511621404240107,0.43787724176695664,0.3315415614539202
FUE_20,0.4044963766141903,0.5127985930308882,0.39364436363908467,0.46547177557801467,0.49639499379476765,0.44729793280081914,0.42372187586783955,0.4966425630057313,0.5253559218253135,0.5049779091195171,0.3790476406857156,0.3321064753155162,0.45610554425748684,0.3463818089030792,0.4043603756777947,0.271236015679919,0.5044878895780288,0.4594779747637214,0.4665182531414394,0.4028929976307177,0.3511409817036319,0.41241315576088167,0.34405059263909404,0.4568841195293962,0.5400636518639603,0.42802355289370525,0.17107278347156932,0.3226958572923802,0.4514030329962163,0.4095268017345333,0.4333733856863875,0.2530922258303212,0.5563681989344866,0.4342305622950172,0.4209003099751655,0.3144335453124843
FUE_21,0.3047582035693689,0.5642610945272319,0.533797973874949,0.4743604710330783,0.5324721701637101,0.472964474990698,0.5279709680306274,0.5791389726492406,0.5489491253712536,0.545333805334016,0.5318482442193813,0.3546533899446163,0.5564573539933488,0.08418391130161706,0.30291312965902056,0.3347112619769413,0.5957925343290922,0.47683245711768185,0.5391064993552572,0.5449797517187881,0.3048106104841312,0.5277967837590117,0.4931958301596787,0.4954043790932644,0.565758075810916,0.5156424350384167,0.4519514472963027,0.5038616275675716,0.4916677262996112,0.5074184135960307,0.3852621993696841,0.3419530054296862,0.6310751422192222,0.5448689665841724,0.5172108169329523,0.26544630232042143
FUE_22,0.3553572873430213,0.6137057826481931,0.583768797636343,0.5247717686999973,0.582459494583569,0.523381110828908,0.5780111970002264,0.6281877665662351,0.5986973135418165,0.5951412990370646,0.5818431856914976,0.4052412469409236,0.6060680660313994,0.13478947749609269,0.3535124510340231,0.38530496655713575,0.6442394872579567,0.5272339303428906,0.5890067554405405,0.5947928298180509,0.3554096873802261,0.577838966939623,0.5435185269295205,0.5457143423784189,0.6151679174487269,0.5658056173527682,0.5024328282270306,0.5541173213389536,0.5419989118954591,0.5576484176235061,0.4358350504519851,0.39254485029686054,0.6774032974894223,0.594683784093527,0.5673599721496092,0.31604895749415646
FUE_23,0.2691539136486751,0.5265661728277234,0.4970510456756578,0.4384134142793247,0.49575510283747753,0.437027147384435,0.4913496947164611,0.5407359381058022,0.5118000750675793,0.5082917312288502,0.49514496399351804,0.3190285778485839,0.5190607131024485,0.04859147276733433,0.2673092741068957,0.29909713859381964,0.5563213730250661,0.4408674969425159,0.5022319562643827,0.507947756084771,0.2692063079903238,0.49117905049887955,0.45708741729743374,0.4592727958279041,0.5280006483707017,0.47924411080585794,0.416132189696715,0.46763134727761835,0.4555747627608817,0.4711414432980426,0.34960996291465685,0.30633548259221277,0.5879197107419959,0.5078401103454455,0.4807870350784573,0.22984854159979481
FUE_24,0.22180651887048522,0.4817358448000722,0.4510766969338342,0.3914772411505464,0.4497447910359374,0.39007929430509564,0.4452240425982046,0.49676310498450826,0.4663104526317354,0.4626730792612676,0.449118049123371,0.2717057879663333,0.47386994127715265,0.0012298697798210317,0.21996135856772564,0.25176153331521567,0.5136469067059242,0.39395281826218764,0.45641135051732395,0.4623169508813741,0.22185892828595202,0.4450491368587314,0.4103450205027597,0.41255823523463936,0.48324590942075113,0.43285019197545693,0.36904262851236946,0.4210353873309127,0.40881380707185627,0.42460160550174797,0.30232005638124054,0.2590039530824867,0.549771445884027,0.4622055195704896,0.43442373622035113,0.18249331911104308
FUE_25,0.401731866819616,0.660722710131,0.6304937794138266,0.5712512868705518,0.6291752982657417,0.5698576483208296,0.6246975647379526,0.6754234690006315,0.6455459996558313,0.6419570567695658,0.6285547521179315,0.4516221050528438,0.6529930166358126,0.18116043136133433,0.39988689762408036,0.43168255445395726,0.6918062882408362,0.573718933827056,0.6357709736355739,0.641605486015806,0.4017842707033218,0.6245242470953188,0.5900474967338049,0.5922504160590105,0.6622041325181935,0.6124235208582544,0.5488732027714138,0.6006836624425513,0.588523145429483,0.6042290814555228,0.48222429973185943,0.43892347824176914,0.726121459804978,0.6414954742035975,0.6139856901459969,0.3624215395159399
FUE_26,0.3637328556069267,0.6217955292637852,0.5919877924111981,0.5331002796531664,0.5906825702975744,0.5317109564263318,0.5862473683835014,0.6361813686694302,0.6068614099051697,0.6033199894626021,0.5900681458196475,0.41361399567363427,0.6141984146763364,0.14316667413785947,0.36188807897849784,0.39367918377324573,0.652088727045496,0.5355599854641991,0.5972083163624443,0.6029728955775239,0.3637852539166359,0.5860756223873331,0.5518249119490177,0.55401755154024,0.6232491634398138,0.5740722906906224,0.510778875510764,0.5624070064624763,0.5503074146737169,0.5659317072148357,0.44420403178418516,0.4009186004664204,0.6847610404956826,0.6028642782767506,0.575623160950173,0.3244254228576614
FUE_27,0.30216946435643965,0.5616934241471782,0.5312206395955146,0.47177512547378675,0.5298945344758799,0.47037903278125304,0.5253923666469749,0.5765786424861985,0.5463758677660786,0.5427594599810364,0.5292704694292203,0.35206485325671133,0.5538866229518998,0.08159505517037258,0.3003243861603908,0.33212261979599494,0.5932434767774931,0.4742472894620693,0.5365304552393347,0.5424053040076698,0.30222187139525525,0.5252181467239826,0.49061209029650243,0.4928208702344999,0.5631910491425062,0.5130615933323365,0.4493648336814555,0.5012791039103083,0.4890838324697187,0.5048363566865509,0.38267393345265915,0.33936439679743724,0.628566888153163,0.542294486993241,0.5146302305301992,0.26285749869105585
FUE_28,0.2599171419869511,0.5178451049287313,0.4880981438481662,0.42926230946657823,0.486794844458843,0.42787361705798443,0.48236581409524826,0.5321858841614029,0.5029459185063248,0.49941136399187214,0.48618130789581676,0.30979694763904936,0.5102670575868347,0.03935173123946039,0.25807239360506196,0.28986283072182745,0.5480258223289304,0.4317208545959511,0.49331045648083244,0.4990649172988011,0.2599695394790453,0.4821942962679984,0.44797648757257347,0.45016762717472963,0.5192947499780536,0.47020512017210414,0.4069491958298136,0.4585506961289654,0.44645999061364927,0.46207237783519367,0.34038520090473456,0.29710202637452127,0.5804707211291517,0.49895650160708527,0.4717543465795842,0.22061013383604763
FUE_29,0.28754107951575086,0.5460947074849632,0.5160647123681692,0.45698919543280525,0.5147524792948295,0.45559758286710095,0.5102947820941329,0.5606461480438173,0.5310326840252664,0.527466173434742,0.5141348175752619,0.3374270528669934,0.5384277281320302,0.06697210674447243,0.28569620058405804,0.3174897236450846,0.5768025919904033,0.4594531138897785,0.5213151919038074,0.5271167153435253,0.28759348078670055,0.5101222046698555,0.47575178710165245,0.47794987619790197,0.5475629740403561,0.49806732557839156,0.4346377143960298,0.4863625400075782,0.4742306560678257,0.4898982178327766,0.3680235474181885,0.32472994095876845,0.6103268895314018,0.5270073615896576,0.4996241784257056,0.2482321089850986
FUE_30,0.2278911922250331,0.48784039585811684,0.4571720884162666,0.3975650934997991,0.45583989798982355,0.3961670559973653,0.4513182384049767,0.5028746613428827,0.4724096993020605,0.46877129603719797,0.4552130247884828,0.277790650792006,0.4799715836360468,0.007314433766166025,0.2260460279131446,0.2578462974436258,0.5197693031975729,0.4000408375019649,0.46250796069373956,0.4684150707898977,0.2279436017565478,0.45114329904155204,0.4164343800142273,0.4186478117354354,0.48935107314978094,0.4389422767426191,0.3751292919978103,0.4271258897147706,0.41490302198024115,0.4306925467876749,0.3084051725732998,0.265088748597505,0.5559339299743515,0.4683036093109469,0.44051606136524485,0.18857793220763508
FUE_31,0.3628971398586073,0.6217835646306868,0.5916022311052103,0.5323995779844433,0.5902852425357927,0.5310064222013962,0.5858122944525727,0.6364485030276497,0.6066343116661868,0.6030507337565882,0.5896653853901401,0.41278636287803744,0.6140688916200208,0.1423262905890512,0.3610521921487914,0.3928473410646274,0.6527768611789946,0.5348663364471768,0.5968730419574414,0.6026996681793815,0.36294954312039196,0.5856391535745743,0.5511877748779986,0.5533895425706467,0.6232618342849784,0.5735493717865658,0.5100278318766578,0.561817880667684,0.5496641913097683,0.5653609761823093,0.4433872005939305,0.4000880966824472,0.6869002916057225,0.6025898137177356,0.5751102723460547,0.3235871355077657
FUE_32,0.2587131813582779,0.5184244278704454,0.48786564137955574,0.42834895695296016,0.48653685657915735,0.4269520063307911,0.48202610427659137,0.5333750790672258,0.5030571290439051,0.49943104355555795,0.48591155489272797,0.3086103668517289,0.5105903711325375,0.03813773502616463,0.25686806514468835,0.2886671975565711,0.5501405864185878,0.43082270017282936,0.49318692906732686,0.49907597700798684,0.25876558949754425,0.481851567464983,0.4472001773745945,0.44941100857461846,0.5199277872949277,0.46967542210846513,0.40592741037598074,0.4578779916467786,0.44567055241343173,0.4614393901200933,0.3392218491598797,0.29590927216819896,0.5858302987783125,0.49896487639568715,0.4712463276403933,0.21940064427174252
FUE_33,0.3207260530880656,0.578565997668826,0.5488586982352067,0.4900566513524696,0.5475566548961318,0.48866837173173505,0.5431316567353842,0.5928774224378687,0.5636895983917808,0.5601595256917854,0.5469436984045839,0.370604984926089,0.571000384845789,0.10016114704938563,0.3188813232032614,0.3506713230995459,0.6086735211183928,0.4925144369903207,0.5540656475914439,0.5598135015132603,0.3207784500447496,0.5429602879988152,0.5087639898150408,0.5109541482447678,0.580013042238155,0.5309803636885437,0.4677489634522028,0.5193330405559262,0.5072481472098331,0.5228527480089448,0.40119207079251934,0.3579103740088045,0.6409712614650475,0.5597052174423813,0.5325285154887205,0.28141932298479183
FUE_34,0.34754791756856734,0.6068308208162804,0.5764684730391471,0.5171146789078647,0.5751458159239625,0.5157196936865207,0.5706546967713069,0.6216323052692642,0.5915770868018787,0.5879731129062614,0.5745233422314524,0.39744098424955154,0.5990589720768255,0.1269748490515899,0.34570288851485,0.37749996039485656,0.6381687951187917,0.5195848044353896,0.5817635321233842,0.5876201271193033,0.3476003231849167,0.5704808847838884,0.5359332480450019,0.5381393819848437,0.6083210975221954,0.5583495639132179,0.49471891898051357,0.5465863322824678,0.5344067538729973,0.5501382402708652,0.42804695985023666,0.3847413527167862,0.6730301323565262,0.5875096745687738,0.5599152785627698,0.3082366905440937
FUE_35,0.3926593079503998,0.6509429119540163,0.6210353061960876,0.5620631253861471,0.6197269298220999,0.5606727700731818,0.6152816055417867,0.6654030033079203,0.6359513503701828,0.6323986523528048,0.6191110488134342,0.44254262881698436,0.6433144308576538,0.17209186698045933,0.3908144851610253,0.4226066811041508,0.6814217909452183,0.5645247302861883,0.6262693045521319,0.6320504956386319,0.3927117075962696,0.6151094853739452,0.5808048668519119,0.5829999620761375,0.6524031124310652,0.6030829488709805,0.5397281598262801,0.5913998736438054,0.5792857320659821,0.5949295191316863,0.4731355788247292,0.4298464590397386,0.7144729259780473,0.6319415472596525,0.6046365129534113,0.3533511813229598
FUE_36,0.3006355536777565,0.5593254828885722,0.529233571536623,0.47010595452518733,0.5279193910801667,0.46871370907298604,0.5234554478817005,0.5739232855747942,0.5442277852218003,0.5406542903176768,0.5273008302932867,0.3505228605615023,0.5516390028395282,0.08006581084415286,0.29879064652174947,0.33058483677481343,0.5901498353804477,0.4725710376624679,0.5344923755457139,0.5403041743361252,0.30068795576568014,0.5232826396734587,0.48887904543274796,0.4910786426506188,0.5607978380567978,0.5112134618592958,0.44774616169386444,0.49949773174629797,0.48735690889206734,0.5030364498555209,0.3811211372922312,0.3378252749862372,0.6239173426162771,0.5401946156567341,0.5127719732503939,0.2613261588983666
FUE_37,0.2684007666623819,0.5256654090429376,0.4962164007211889,0.437635609915778,0.4949225624193134,0.43625004040565346,0.49052391475812995,0.5397866529169959,0.5109372198987171,0.5074363571252033,0.4943133957172604,0.3182739494703974,0.5181806089145213,0.047839181569432,0.2665561584825114,0.298343281698376,0.555300271036334,0.44008840964245044,0.5013883323973263,0.5070930876719555,0.2684531600962417,0.4903535206380169,0.4562980681044813,0.4584817920949522,0.5270955719637551,0.47843411877978487,0.4153635575654016,0.46683330502869697,0.454786517221444,0.4703400765602024,0.3488533559277277,0.3055813803140698,0.58666305936974,0.5069856617830046,0.47997523648169477,0.2290958660600262
FUE_38,0.26888827773406015,0.5283748991936602,0.49791923956375117,0.4384879237744608,0.49659366859621473,0.4370920023850046,0.4920932121778126,0.5432471120007096,0.5130672433485044,0.5094527631465976,0.49596985006576205,0.3187833076602741,0.5205735213698722,0.04831407578532462,0.267043207134395,0.29884126118502724,0.5598919761379809,0.4409597724462947,0.5032267688244056,0.5090987885623662,0.26894068455299197,0.4919190554368393,0.45732204269303894,0.4595304132091764,0.5298713835898978,0.4797664092709533,0.4160798795086561,0.4679869007744181,0.4557940577507692,0.4715433263248582,0.34939190791865987,0.30608297872167134,0.5951431305283781,0.5089880280422995,0.4813345940009777,0.22957642624655292
FUE_39,0.26237795396550406,0.5212907609531577,0.49109740670378593,0.4318846855189755,0.4897800410437121,0.4304914076962659,0.4853058838911838,0.5359647402141333,0.5061345746069962,0.5025496416381922,0.48916000982314123,0.31226743368531856,0.5135722954255085,0.04180695647429171,0.26053300082290626,0.29232827816712414,0.5523068347344717,0.4343516685837275,0.49636983017949077,0.5021984484604012,0.2624303573845449,0.4851326983509573,0.4506749079004666,0.4528769666784789,0.5227698265318224,0.4730401510545411,0.4095113371461852,0.4613065453324072,0.44915113027733405,0.46485022807359433,0.3428686145080386,0.29956907630727875,0.5864785378680923,0.5020885542539909,0.47460137222699145,0.22306786795408481
FUE_40,0.2856992600333932,0.5433537830684777,0.5137299103618415,0.4549990963812956,0.5124305124311328,0.45361168795071993,0.5080140080186434,0.557603593824131,0.5285252905721969,0.5250046482304201,0.5118187777166742,0.33557634608591763,0.5358143036874903,0.06513542015304007,0.2838545692216591,0.315643645549492,0.5733078831071149,0.4574552791681615,0.5189255662675037,0.5246595132162872,0.2857516558590821,0.5078429533791492,0.47369200300731745,0.47588009163932354,0.5447953647945037,0.49588252597717375,0.43270286130095786,0.4842501746723499,0.47217754084109853,0.48776571887235487,0.36616096617402155,0.3228823907135802,0.605299251477739,0.52455150614078,0.49742841261013526,0.24639311728009053
FUE_41,0.32089229804705705,0.46745009716991726,0.5132781593734151,0.2722037212336594,0.40657327297605467,0.49634649130829733,0.48100127697335066,0.5197763041025121,0.5188521026481067,0.43003517007153713,0.5269198964300719,0.44791945338376565,0.5095935507506523,0.3854363488037563,0.32576846641412505,0.43663192618552576,0.5482956543421583,0.28394237917722115,0.4622891960746365,0.5320767926457686,0.42810066552404513,0.48925450893637934,0.5128623805702388,0.3592549717651662,0.49044452311740067,0.45339521271313893,0.4708180073994796,0.503618547752547,0.3590744931908718,0.5259110183901253,0.2848635760858751,0.43743404860358076,0.6064258303711665,0.5047092791081728,0.4630680310814297,0.4177553388231169
FUE_42,0.5988709887407696,0.7452805949050881,0.7908748073080853,0.5501876231175801,0.6845139202003531,0.774054926698252,0.7587831638475725,0.797319038625323,0.7964029350309421,0.7079480617769626,0.8043947774666491,0.725800502919863,0.787217820144575,0.6633929874160385,0.6037462996178342,0.7145343715424762,0.8254996246229874,0.5619254440090777,0.7401350189243845,0.8094963738403046,0.7060163687630272,0.7669996828810832,0.7904622473744504,0.6372240066422552,0.7681838884880622,0.7312640136419549,0.7486376199870832,0.7812835290735002,0.6370435929923485,0.8033960738658779,0.5628465665398404,0.7153351273999251,0.8819517971106889,0.7823671842747265,0.7409116409806072,0.6956843660043374
FUE_43,0.3450556776844029,0.4916748149837916,0.5376001938999373,0.2963649485916534,0.4307523745910008,0.5206219250531975,0.5052461712276781,0.5441208662943003,0.5431932789598451,0.4542257526962325,0.5512928601131347,0.47212321854932376,0.5339040570044163,0.40960883970305134,0.34993220023470617,0.46082683225243587,0.5727825600464319,0.3081039522256459,0.4865075587901966,0.5564729436907628,0.4522900847541034,0.5135146596735513,0.5371830711838612,0.38342234019929544,0.514707089127312,0.47760405191777083,0.495047240796218,0.5279120786475687,0.38324183480124496,0.5502797198658788,0.30902517985169153,0.46162952034491384,0.6316384587497423,0.5290057590910578,0.4872873113047345,0.44193924594774553
FUE_44,0.5409680725372151,0.6875087410300689,0.7333096795168694,0.4922800973041665,0.6266446540443067,0.7163909914129323,0.7010542917927679,0.7398015550368527,0.738878295606361,0.6501033439493006,0.746937248672777,0.6679839459137972,0.7296282804857339,0.605509576985639,0.5458441419102354,0.6566988925648866,0.7682813759009112,0.5040186586220862,0.6823496135500058,0.7520877005376919,0.6481691643502296,0.7093032692652225,0.7328942748244047,0.5793296314403152,0.7104926100646772,0.6734582886010521,0.6908753912014566,0.723658005326558,0.5791491603625197,0.7459295556227606,0.5049398469448113,0.6575008570050549,0.8262122315516128,0.7247479151789845,0.6831281924759737,0.6378253773700383
FUE_45,0.30843979186845727,0.45524447349005775,0.5014661198202187,0.25974256886178865,0.3941839596099288,0.48434569040811054,0.46887706287415226,0.5080557079626489,0.5071177546303389,0.41769204131683463,0.5153147663640428,0.4356293935299643,0.4977347647589607,0.3730204570647278,0.31331738317729335,0.42430619763216654,0.5371557874070114,0.2714826154463955,0.45005795093513384,0.5205660799097401,0.415752855327384,0.47719191920288656,0.50104488983781,0.3468184924541657,0.47839169445307334,0.4411255906811222,0.4586305949163751,0.4916909875643417,0.346637906089931,0.5142885475270841,0.27240393574844235,0.4251105970099422,0.5983289998400797,0.49279366178456857,0.45084048439217717,0.40538535266299863
FUE_46,0.30339299593759805,0.45014077549405185,0.496271259948543,0.2546977618115951,0.389122619421489,0.4791946201744098,0.4637545539940075,0.5028395890127508,0.5019048346697439,0.41262006247630617,0.5100717608343188,0.43054518090149824,0.4925507611429691,0.36796523579378515,0.3082702599022979,0.419230208684422,0.5318039608458635,0.26643748898545194,0.44496016828669466,0.5153010536569679,0.4106819552040302,0.47205515544625504,0.4958512963331817,0.3417680091687911,0.47325267153880995,0.4360366639292845,0.45352269099840237,0.4865229417124099,0.341587447607183,0.5090495828860114,0.2673587809046169,0.42003408322720587,0.5922460925547314,0.487622846023302,0.4457418480089304,0.4003195613611755
FUE_47,0.3897740063794979,0.5360989924852864,0.5815604711907669,0.34109362358752987,0.4753951769454584,0.564803920069003,0.5495738896336599,0.5879742387607572,0.5870627075799912,0.49881345874579813,0.5950117099506628,0.5166477219797699,0.5779191114400966,0.45428338807825935,0.39464882648498656,0.5053938029452512,0.6159645758573699,0.3528309653261723,0.5309621490983844,0.6000821785725623,0.49688337164049395,0.5577695377284605,0.5811497317039108,0.42812149868277855,0.5589504434186997,0.5221042451125804,0.539449817516226,0.5720078786355385,0.42794112218063796,0.5940187393047403,0.35375204528148485,0.506193778549621,0.6715032945375173,0.573087523960539,0.5317375099063307,0.4865589812599365
FUE_48,0.3344758650667274,0.48065816932226246,0.5258971388700967,0.2858005236106814,0.42006028161173165,0.5092465535513557,0.49408654813525216,0.532260060608947,0.5313561557928457,0.44345180340588286,0.5392337777065827,0.46125542329500435,0.5222818943123625,0.3989639315300345,0.3393498557879374,0.45002208787678777,0.5599347193597026,0.2975370554700747,0.47553602040212417,0.5442524830958186,0.44152442489339144,0.5022471562281123,0.5254894404367233,0.3728140205944827,0.5034225253064045,0.4667001750775617,0.48399856561002536,0.516409234338004,0.3726337068528196,0.5382503499144509,0.2984580634640298,0.45082074797938243,0.6140009637254751,0.5174821683606772,0.47630925846345706,0.4312128770477501
FUE_49,0.3229850269573109,0.46934592085022825,0.5148636535247625,0.2743033777888278,0.4086154349091668,0.49808027341190986,0.48283255269843056,0.5212903198259868,0.5203768529170228,0.4320404476450621,0.5283439876003249,0.44988242412627744,0.5112156751746683,0.38749976477851283,0.3278600554182632,0.4386233233303619,0.5493611082491621,0.28604092295723715,0.4642053734808301,0.5334276256113613,0.43010967904331265,0.49103704900047723,0.5144521430945874,0.36133486506726414,0.49221935349143225,0.45534191180248795,0.472699375444329,0.5052946744418961,0.3611544727951157,0.5273485909661364,0.2869620209883847,0.4394236300219995,0.6052836463043112,0.5063760186145139,0.4649812692778673,0.41978205804074425
FUE_50,0.3099691434395573,0.45609107025587886,0.5012363698668788,0.2612959397685269,0.39553798366125836,0.48463031926581496,0.4694998172069578,0.5075779699089898,0.5066772611732534,0.4189181748315906,0.5145249957725778,0.4367088304179735,0.49763208842057194,0.37444817453939105,0.3148427824886775,0.4254842020795846,0.5351209374782824,0.27303212817689393,0.4509751281535536,0.5195220654697761,0.41699194278918394,0.4776456547009284,0.5008299476443828,0.34830334050568684,0.4788186912467495,0.442148605089919,0.4594270631041302,0.4917756361249559,0.3481230533687283,0.513545560113413,0.2739531056540875,0.42628230555898805,0.588588165302063,0.49284574889152966,0.4517474694245094,0.40668583202498776
FUE_51,0.31939341596559495,0.4655074374587915,0.510640494034791,0.2707204923963137,0.40496021571931196,0.494040261067172,0.4789136162996622,0.5169793108653757,0.516079019242129,0.42833892305139043,0.5239228544985178,0.44612788132201087,0.5070376441720605,0.3838712633629167,0.32426700893842825,0.43490439287930155,0.5445051179110538,0.28245663580334346,0.4603923075284215,0.5289171030694962,0.42641284113137523,0.48705752235278094,0.5102342384440555,0.35772709441286776,0.48823025394970954,0.4515670045115365,0.46884285417909205,0.5011833089553264,0.3575468107613764,0.5229439395332244,0.283377609282036,0.4357024234811343,0.5978949293520396,0.5022530531481314,0.46116453144589137,0.41610744236867203
FUE_52,0.3683249530417705,0.5146753203322327,0.5601765510487571,0.3196436750223471,0.45395265350380043,0.543401042787438,0.5281585109185496,0.5665994316919181,0.5656865329452185,0.4773756931711459,0.5736483449421735,0.495215408403761,0.5565305149285499,0.4328381210195644,0.3731999204373609,0.48395782674237875,0.5946465928286389,0.3313811605700996,0.5095358590565555,0.5787281162638226,0.4754451243479651,0.5363604120604359,0.5597652668614609,0.4066741036262125,0.5375423062564547,0.50067402691617,0.5180280038428263,0.5506123802654196,0.40649371597612494,0.5726536605285882,0.332302253303621,0.48475803637264503,0.6504560393161735,0.5516932259968097,0.5103115979858739,0.46511845036604216
FUE_53,0.4959261702745694,0.6423572482925661,0.6879852330013092,0.44724204860555283,0.5815746190875429,0.6711492250326653,0.6558668486806947,0.69443723128457,0.6935199615396438,0.6050127837179207,0.7015227351726634,0.6228698379083899,0.6843242638116909,0.5604513675474856,0.5008016055508782,0.6116006071464697,0.7226664572563537,0.45897999094212305,0.6372094543585651,0.7066322815692017,0.6030806832700722,0.6640886742798868,0.6875722091187163,0.5342805888757548,0.6652737191654332,0.6283351224455226,0.6457158483931481,0.6783841001059912,0.534100165808507,0.7005225680531697,0.4599011242640402,0.6124015609968781,0.7793554358276072,0.6794687763255755,0.6379863967237248,0.5927467494035172
FUE_54,0.30540757927923856,0.452081085948163,0.49809298377919764,0.2567149447160346,0.39111819996241787,0.481073245079172,0.46567035383989336,0.504633729653593,0.5037031242084026,0.41460175115161907,0.5118310552564832,0.43251090321254015,0.4943865811210815,0.36996880945402694,0.31028441541223967,0.42120666276157914,0.533422656246101,0.2684542543885897,0.4469081908352598,0.5170318402337448,0.4126650521491859,0.47395239529676525,0.49767466409753197,0.3437777735912468,0.47514697106025755,0.4379962362211691,0.4554575192877904,0.48837949458685864,0.34359724444088646,0.510814111736879,0.26937550920883074,0.42200985228197196,0.5929380562467528,0.4894757990419731,0.4476887573767792,0.40230932884554227
FUE_55,0.31148705628412543,0.4581760648761283,0.5042126758777663,0.26279387882125954,0.39720164488529036,0.4871810849161971,0.4717704445227536,0.5107591633780336,0.5098276944721116,0.42068809603894347,0.5179637388718742,0.43860058033457666,0.5005033380440912,0.3760505855028648,0.31636398176450625,0.4272941002201266,0.5395845514365916,0.2745332756874099,0.453001560974687,0.5231704520432496,0.4187511030854005,0.48005635539922753,0.5037940139211243,0.3498582569330976,0.4812515440632967,0.44408719664870133,0.4615536417084119,0.49449193320480134,0.34967772101453864,0.5169457065643154,0.2754545382555954,0.4280974327124711,0.5992908730892835,0.4955889875494991,0.4537823597444115,0.40839398733719434
FUE_56,0.35715746128571885,0.5036269588774507,0.5493154655426852,0.30847198766238165,0.44281577790528687,0.5324505421684135,0.5171491506293454,0.5557813988319295,0.554862036466728,0.4662611396954885,0.5628844311391636,0.4841264485195064,0.5456473543937078,0.42168837889245864,0.3620331190170901,0.472851671453808,0.5840980292975981,0.32021014716209356,0.4984751942303527,0.5680082550219545,0.4643283102833487,0.5253804820829853,0.5489016094631155,0.395514384756003,0.5265670306581918,0.4895949077042922,0.506988378969107,0.5396966607267988,0.39533394484708595,0.5618816363702739,0.32113129978038535,0.47365297958109415,0.6412159638189456,0.540783167441277,0.4992527100014482,0.45399092158186477
FUE_57,0.34036332324584156,0.48645697875197486,0.5315585170659233,0.29169112149624843,0.4259248651681117,0.5149732574775799,0.49985654400800245,0.5378901726886848,0.53699095420588,0.44929974946122725,0.5448247585414586,0.4670843351754091,0.5279593512245555,0.40483812041206085,0.3452367974818828,0.4558637832274868,0.565371857101645,0.3034271489342621,0.4813439406387594,0.5498117516067978,0.44737405430600247,0.5079954768733016,0.531152690264148,0.37869566525514725,0.5091674233325739,0.47252178018307767,0.4897909116799161,0.5221104647657903,0.3785153905852516,0.5438471828810252,0.30434811210878504,0.45666162608164096,0.618563287391816,0.5231792602954618,0.4821158622949545,0.43707048995049047
FUE_58,0.28816704721883907,0.4349696762595157,0.4811880294888499,0.23946989591471401,0.37391069053146536,0.4640691826407418,0.4486015865991221,0.48777684884346845,0.48683901121569867,0.39741838854262357,0.4950349344997839,0.41535529943228094,0.47745706689876355,0.3527474086367371,0.2930446267260968,0.40403240020821657,0.5168720132931751,0.2512099309842032,0.42978336718883825,0.5002854509696166,0.3954792414619848,0.4569159281844169,0.4807668452918841,0.3265456148618517,0.4581156218434664,0.4208513264976882,0.43835564587976805,0.4714138664540846,0.32636502939187456,0.4940088618926421,0.25213125026301175,0.40483678065369005,0.5780185256171922,0.47251644057619696,0.43056586983618816,0.3851119230593619
FUE_59,0.37025395200183114,0.5167414718130493,0.5624584099802277,0.3215678445611299,0.4559168955657831,0.5455798966600454,0.5302695744674504,0.5689308967048958,0.5680105500388254,0.47936563289867057,0.5760421761912585,0.49723481410997344,0.5587869411092805,0.434787551669129,0.375129714026031,0.4859574350765223,0.5972886935499484,0.3333061058686284,0.5115878436037276,0.581172720819602,0.47743246156223973,0.5385053698074731,0.5620441626151571,0.40861204986047933,0.5396926246195943,0.5027047628252624,0.5201042155341921,0.5528312981698726,0.4084316020551885,0.5750381448338736,0.3342272675332437,0.48675890939498284,0.6546102039024286,0.5539186651401453,0.5123656284761922,0.4670934524529581
FUE_60,0.2980257611128625,0.4444865457513017,0.4901613164937796,0.2493405939972118,0.38368184036330893,0.4733029572954277,0.45800588085470645,0.49662408530674007,0.49570519819451264,0.4071255700960918,0.5037231361481901,0.42498900684208646,0.48649482693588464,0.36255538176592744,0.3029013684098254,0.4137154876554526,0.5249208516943313,0.2610787042633162,0.43933568183904187,0.5088437161965278,0.4051929059951414,0.4662350553123196,0.48974764937481713,0.3363821166760016,0.4674212626527054,0.4304567459812144,0.44784732610963246,0.4805465237838653,0.33620168058552297,0.5027209383013762,0.26199985250686986,0.41451671543741236,0.5819409096335859,0.48163261496678333,0.44011306753950996,0.3948563007399969
FUE_61,0.4368828491276995,0.3791210940359959,0.48824327153215386,0.35568451235683024,0.34217361916572603,0.531905873465781,0.4204902539976803,0.452994257721159,0.5514600297674837,0.3611051614191016,0.5183850777401321,0.4887180078273547,0.4544655413881566,0.4533935634058647,0.4389331764047687,0.4737618583926074,0.5030509359620184,0.3037584861155875,0.3472105216809362,0.5176020468871902,0.47991345302794075,0.44101520928083593,0.5218016511544644,0.10551548170660753,0.5190019451325646,0.36508085847845595,0.4723764396529449,0.49486515956312516,0.020418252358278436,0.5408279164681625,0.4290438240685613,0.47217985613063046,0.6050482619581052,0.4568761171828014,0.389919336986993,0.46740792934174624
FUE_62,0.4296075145093657,0.3716942865011011,0.4813664195064776,0.34823167481108386,0.33471047567014217,0.5259053428077558,0.4131530639896931,0.44580316294372685,0.5461910323967208,0.3536573079965222,0.5120262318950483,0.48184709978652074,0.4472835865904606,0.44620492253369937,0.4316671101670106,0.46672857402889306,0.49638927064844707,0.29627753136757545,0.339750898815763,0.5112253358970258,0.47294107899878995,0.4337589534908172,0.5155241928370303,0.09801940673190408,0.5126573761797805,0.35763701997873865,0.46533044983612065,0.48807660781061124,0.012921937864767192,0.5351247185131585,0.4217363712334444,0.46513209207135353,0.6043525718002485,0.4497097346842162,0.38250930189481264,0.46031918525927845
FUE_63,0.421584546783773,0.36377571103107426,0.47306835653132684,0.34033102883534777,0.32681692763937237,0.5169999250388642,0.4051727376906691,0.43772209622650465,0.5367761154505665,0.3457532291771092,0.5033695472901899,0.4735449282065858,0.43919621433690414,0.43812216293874534,0.42363775166075013,0.4585385861019473,0.48794237018728587,0.2883962492833747,0.33185492609694595,0.5025810385483656,0.46470902211995185,0.425722830034531,0.5068110589432555,0.09014853631793558,0.5039907913507182,0.3497301757805583,0.45714923518939804,0.47971749435813876,0.005051232373697899,0.5260124869229172,0.4137355469787879,0.4569521025071919,0.5917018481899811,0.44161161850985703,0.37457917201364493,0.452167487922606
FUE_64,0.6033089448886816,0.5455081912851933,0.6547715433113981,0.522064899037643,0.5085513482439791,0.6986567238331449,0.5869004349409151,0.6194420041152713,0.7183944648310621,0.5274868332135171,0.6850452703357973,0.6552477991422562,0.6209156352362756,0.6198419400766287,0.6053616555752308,0.6402500910704612,0.6696341330545966,0.47013162123565294,0.5135891586723301,0.6842577066974176,0.6464172868760377,0.6074462108986698,0.6884824782971829,0.2718847159973327,0.6856657592256192,0.5314635654173511,0.6388614162587337,0.6614159908259484,0.18678742484910849,0.7076536276918337,0.5954616579345603,0.6386643779959986,0.7730855801835105,0.623330209786673,0.556310756819526,0.6338819446408602
FUE_65,0.5316434125659092,0.47388509287600455,0.5829948480303209,0.45044910262865373,0.4369384436875803,0.6266379419423592,0.5152522190296023,0.5477529151998988,0.6461760787419482,0.4558696384215455,0.6131250805737518,0.5834694508246799,0.5492239922685631,0.5481521654132143,0.5336935299815078,0.5685169541696737,0.5977976897239774,0.3985237155963079,0.4419752661747488,0.6123424468402502,0.5746671771593697,0.5357753407655343,0.6165398466802983,0.20028105507843635,0.6137416307132358,0.4598452442459973,0.5671318217606387,0.5896147545209476,0.11518383117852564,0.6355534449078505,0.5238051150586994,0.5669352782286442,0.699669406815935,0.5516342161588629,0.4846829549044893,0.5621642755076669
FUE_66,0.5564084026554895,0.4987447235467589,0.6075131343541835,0.4753250451667721,0.4618208484360916,0.6506250072614055,0.540055798688603,0.5724654786494607,0.6697312501962477,0.48074245652937936,0.637327500504236,0.607984081856441,0.5739308763003841,0.5728632038807001,0.5584527446859506,0.5931316993502941,0.622184103445897,0.4234172939075619,0.4668554631078401,0.6365556707001759,0.5992443043892425,0.5605284442521549,0.6406931279924377,0.2251841240111631,0.637935421279364,0.48471554587108456,0.5917544233777347,0.6140788141104713,0.14008705049036593,0.6593637201912694,0.5485901327202396,0.5915589772154264,0.7207423623696748,0.5763314278280842,0.5095320825350546,0.5868133386848965
FUE_67,0.4228690919086446,0.36504196063446,0.47440096355140027,0.3415941329918319,0.3280787863165443,0.5184378731563397,0.4064498133912281,0.43901681000137116,0.5383016199070856,0.3470169356438074,0.5047644822989675,0.47487825138896383,0.4404920311386264,0.43941717285981235,0.42492341579507764,0.45985233733785985,0.48930088979190295,0.28965595530639926,0.3331172102515084,0.503973826818287,0.46603011709630227,0.42700967856594696,0.5082157711759343,0.09140641476787699,0.5053874417742861,0.3509943674225099,0.4584614542806442,0.48106073795991244,0.00630908187200005,0.5274860646104212,0.4150162139259333,0.4582641076353047,0.5937664431488556,0.4429093144803774,0.3758474481636833,0.45347455055298724
FUE_68,0.6467993902409578,0.5890931317019383,0.6980149073541825,0.5656661100268204,0.5521590037667852,0.7413643103208198,0.6304294299189892,0.662880034260391,0.7606626429862986,0.5710849280509616,0.7279706780030718,0.6984874940484572,0.6643479842372607,0.6632784448330654,0.6488463292213446,0.683590192127949,0.712744972063414,0.513750417993973,0.5571946125030328,0.7271940197278651,0.6897196814758649,0.6509247765677683,0.7313582591505887,0.31551297416478036,0.728582454982658,0.5750591503127312,0.6822093890166715,0.7046048979585396,0.23041583291983384,0.7501817639545513,0.6389721134633778,0.6820134501671262,0.8127599334276019,0.6667528821500279,0.5998852182641787,0.6772564221894077
FUE_69,0.5880050135517976,0.530227348175396,0.6394070860527055,0.5067880280345282,0.4932760502637344,0.6831602434967765,0.5716059265151738,0.6041252518187586,0.7027889109682937,0.5122092015452723,0.6696025927410943,0.6398824413772607,0.6055974927006517,0.6045248145122617,0.5900563129541265,0.6249093577446434,0.6542371189125564,0.4548590423179423,0.49831332330626116,0.6688177181380882,0.6310673104786708,0.5921393746352037,0.6730275581852313,0.25661444581447646,0.6702209331379986,0.5161853210361442,0.623522611877663,0.6460381632344782,0.17151719124238854,0.6921126897482498,0.5801626184872677,0.6233258430057362,0.7568213539648811,0.6080096989957359,0.5410273549794099,0.618549633522199
FUE_70,0.48567087405330067,0.4278387299588559,0.5372159253874278,0.4043900407252719,0.39087435291126743,0.581281778485319,0.46924954869381513,0.5018213792812816,0.601169641402333,0.4098130083548314,0.5675965599714089,0.5376934097354079,0.503296902791647,0.5022218233215427,0.4877255046147904,0.5226621265552516,0.5521229641600577,0.352450932311319,0.3959128933839325,0.5668053145244908,0.5288419205921163,0.4898120919903322,0.5710505362308785,0.15420089124471445,0.5682199908997918,0.4137905730287553,0.5212708233011186,0.5438786187756524,0.06910355041987087,0.5903397771096034,0.4778169332871697,0.521073417976823,0.6567841428670672,0.5057147012901143,0.43864477262994184,0.5162825055135177
FUE_71,0.44749011917915815,0.38996202256351936,0.4982443331154757,0.36656577577432414,0.3530708669977787,0.5406154171100033,0.43119272347010135,0.46347235641294937,0.5591330250128966,0.3719786975292374,0.5276159556185602,0.4987101185199,0.4649296581441082,0.4638679075875305,0.44952620754075373,0.4839994494170479,0.5127296421015818,0.3146833788199163,0.35810230810935045,0.5268591589888906,0.49005872519424937,0.45159317601553917,0.5309133067898281,0.11646386226388951,0.5282118746025654,0.37594817134196734,0.48263332340458553,0.5047335257229136,0.031367005131422765,0.5491117270599135,0.43970048881606744,0.48243943498127567,0.6069793748386241,0.4673164270020873,0.40073430404346777,0.47772982449907536
FUE_72,0.4192296794296623,0.36130990319376594,0.47100591008983866,0.337846168298289,0.32432452461989836,0.5155834455861242,0.4027725523807856,0.43542897854263896,0.535901913170436,0.3432720165034635,0.5016884613145752,0.47148684990063733,0.43690979867197505,0.4358308445729909,0.4212896764346099,0.45636124590068416,0.48603817741502586,0.2858908122708911,0.3293650996138566,0.5008867769937636,0.4625764032394041,0.4233819446632959,0.5051900173093765,0.08763203585343453,0.502320235797116,0.3472519017094596,0.4549625688677132,0.4777199571412592,0.0025345566631059,0.5248160835767146,0.4113571459434341,0.45476413391369325,0.5942801404259705,0.43933662244961363,0.37212564264817843,0.44994944504115836
FUE_73,0.5189519741233987,0.4612261101296477,0.5702186161307867,0.43779570973930493,0.42428726497928626,0.6136781934947204,0.5025740192247589,0.5350434803887366,0.6330661860775941,0.4432151749248254,0.6002398826557638,0.5706919605172032,0.5365126071535152,0.5354422069396771,0.5210001096432382,0.5557739083908371,0.5849760198648708,0.38587636490086286,0.42932333101221754,0.5994609834539293,0.5619111941311546,0.5230798231226634,0.6036376566416867,0.18763695538620917,0.6008534495537874,0.4471899184273243,0.5543914770957491,0.576819847787667,0.10253978299525528,0.622532339129301,0.5111205481642758,0.5541953108272272,0.6856801090660094,0.5389195092337754,0.4720203722737999,0.5494330265190982
FUE_74,0.4772458346196733,0.41940364397695706,0.5288173147431603,0.3959532282724256,0.3824368569034071,0.5729412807685879,0.4608204066736397,0.49340192705132807,0.5928776416097187,0.40137652648002425,0.5592323023913902,0.5292951933051886,0.4948780567672586,0.49380253384595635,0.4793010799085511,0.5142531409390507,0.5437386247329333,0.3440122549488199,0.3874756308863388,0.5584398722394728,0.5204369747284662,0.4813883179635689,0.5626916756871918,0.14576121101239287,0.5598566800699265,0.4053543574485174,0.5128609950171822,0.535485864293921,0.06066385430112805,0.5820189932477307,0.46938976360135365,0.5126634720191249,0.6487947307897594,0.49729688809082,0.4302107990982805,0.5078698416137227
FUE_75,0.4539184450673799,0.39612714258424325,0.5053562550924805,0.3726854760510151,0.35917256904723216,0.5491873040979501,0.4375137926809248,0.4700462549467928,0.5688802596603408,0.3781070989057569,0.5355979207369123,0.505832141987194,0.4715193168077637,0.4704460380673949,0.4559705779639553,0.4908445211008922,0.5202055038358545,0.3207539548393742,0.36421015954143804,0.5348114597861129,0.49700793090692363,0.4580545217689156,0.5390301079907397,0.12250799444322998,0.5362175285732332,0.3820835803395316,0.48945663634066044,0.5119952243978075,0.03741071826346246,0.5581659606742472,0.4460731608137475,0.4892597084127862,0.6232997008996793,0.47393292160914885,0.4069286608342882,0.4844798240818642
FUE_76,0.43939665992624644,0.3815857576269454,0.49088589524925336,0.3581407200738545,0.34462647816417813,0.5348293392609482,0.4229840072151063,0.4555353576656641,0.5546153833609235,0.36356298846324253,0.5211941151602748,0.4913625477351498,0.4570096003231285,0.4559354578171666,0.44144999117771266,0.4763539967933258,0.5057628321876867,0.30620555659494153,0.3496645246923483,0.5204053644452545,0.48252526169596605,0.4435352033077541,0.5246367287526631,0.1079576371375985,0.5218155525699761,0.36753998988015035,0.47496447293469657,0.49753623318578805,0.022860329922149602,0.5438459127835379,0.43154722212277946,0.47476731610029455,0.6096014497464486,0.4594252166747505,0.3923894475484491,0.46998214358019447
FUE_77,0.42850798291713604,0.3708110971504258,0.47969908428934593,0.3473856912849489,0.333879225183012,0.5229959963252306,0.41214184390386505,0.4445834363634256,0.5422517376026331,0.35280419980333777,0.5096236298453848,0.48017130940935887,0.44605082410687785,0.44498169596938997,0.4305543500441198,0.46528391250846973,0.4944161078052246,0.295471746322009,0.3389146152072757,0.5088480389326553,0.47140967957087676,0.4326321922988129,0.5130063569930137,0.09723524272216069,0.5102345543302343,0.35677817278536944,0.4639038868604312,0.4862837114405954,0.012138116375454379,0.5317960064487182,0.4206826892843219,0.46370805660718695,0.5941057884044227,0.44845476453444966,0.38160214336521514,0.4589535388169444
FUE_78,0.4346245006719047,0.376741813021361,0.486302709350886,0.3532844421384202,0.3397653173658266,0.5306623588012351,0.4181825305132178,0.4508031324876973,0.5507964729079782,0.35870907200349456,0.5168568523449395,0.48678218203708173,0.45228170846467236,0.4512043960410317,0.4366822252172355,0.4716966039600569,0.5012817697444792,0.3013359572846698,0.34480503192186307,0.5160596152177888,0.4778967596407584,0.43877208769409426,0.5203381315618806,0.10308087454591353,0.5174850719038719,0.3626879757104912,0.4703010542284914,0.49299494659509746,0.017983453859415282,0.53982033834741,0.4267598393216389,0.47010305593073853,0.6079698131764001,0.45470470795883716,0.38755345034608535,0.4652984489696984
FUE_79,0.7051218197916909,0.6473724781127084,0.7564497794970224,0.6239380337263277,0.6104279870769337,0.8000419667650065,0.6887342888835585,0.7212263423896873,0.8195383538157036,0.6293582734551042,0.7865498016447087,0.7569240336741837,0.7226968796836757,0.7216254476733966,0.7071713888316791,0.7419810769112108,0.771240029477738,0.5720143175070547,0.6154646003825847,0.7857682040824415,0.7481277173063584,0.7092526192902262,0.7899598524660066,0.37377255590996683,0.7871655240233855,0.633333640811037,0.7405966924125077,0.7630645118407406,0.288675346252234,0.8089404193758593,0.6972854234683301,0.7404002533385172,0.8727853290691368,0.7251061841801913,0.6581693445360356,0.7356316644429046
FUE_80,0.47288543253325305,0.41511595553180186,0.5242660634423753,0.3916780446380455,0.3781666249953593,0.5679725727574847,0.45648968676895907,0.4890011259818597,0.587562826366271,0.3970989482638551,0.5544339121834421,0.5247411000234823,0.49047287414175955,0.48940055638170804,0.4749362315813679,0.5097767352627951,0.5390845773940136,0.33975058186289453,0.38320370736402815,0.55364998742593,0.5159314145848828,0.4770187637299457,0.5578545540876322,0.14150680463069806,0.5550514937198187,0.4010748503674486,0.5083906726303362,0.5308924088561133,0.05640956303832897,0.576909348112712,0.4650447719786233,0.5081939991797931,0.64136568356858,0.49288424113366003,0.4259150546148646,0.5034199944583275
FUE_81,0.6392963652760473,0.6080697663785857,0.5856823474432042,0.6204152654558268,0.6154508541218165,0.7039576973454524,0.41795129193007624,0.5436695644317021,0.7322671102355506,0.6202381251002381,0.6444346066449969,0.6563210932346986,0.5046606977899896,0.6351109124093849,0.6404987857276588,0.6371757465437011,0.602951462372388,0.5984750819402396,0.43749103291335356,0.6365950994098633,0.6541546838243631,0.4809416540650916,0.6673216586857864,0.5507759201335634,0.7180546970104105,0.0,0.6028670170477728,0.615600266189565,0.5398443564905283,0.6960878944819016,0.6438072529948002,0.6337150096980109,0.7619257815256557,0.509659492247887,0.29975843211462116,0.6390606798677394
FUE_82,0.572011934459722,0.5405636145400061,0.5180841931592823,0.5529806057293092,0.5479852979592449,0.6379539398867972,0.3501962231048575,0.4759789589775878,0.6676430222593582,0.552802309025096,0.5772019713075542,0.5892310520766437,0.4369320990486711,0.567788084891324,0.5732259987263686,0.569871456472219,0.5354204939164461,0.5309244047259345,0.3697386783072795,0.5692855182092299,0.5870360346792373,0.4132009141420003,0.6003979590548298,0.4830960295369367,0.6526364053898382,0.0,0.5353356601639008,0.5481355955873469,0.47214858429145884,0.629824518407806,0.5765680019281623,0.566380080418763,0.6999919920606309,0.44193427313423667,0.23199821845805857,0.5717739996908435
FUE_83,0.47642488589034787,0.4449767187229981,0.42249736052805364,0.45739366073244503,0.4523983742248437,0.5423659956481918,0.25460949797242055,0.38039218972345057,0.5720540871306974,0.45721536482425,0.4816148869566433,0.49364386902684854,0.34134535580576425,0.4722010628234119,0.4776389421163983,0.47428442161227075,0.4398336151545245,0.4353375395027288,0.27415195131825165,0.47369848700098593,0.49144887145347577,0.317614179207113,0.5048106605132187,0.38750925294354926,0.5570480439977471,0.0,0.439748781668857,0.45254867124369913,0.3765618185757746,0.5342367575959251,0.4809809221496154,0.4707930666992931,0.6044010444017411,0.3463475275783452,0.13641149684453366,0.47618695267454203
FUE_84,0.5139593021761776,0.4824944756871336,0.4600082279963918,0.4949167806995808,0.4899191754765678,0.5799982052553906,0.2921086464113527,0.4178961477804088,0.6097947078631321,0.4947383979820479,0.519153206406441,0.5311929564294833,0.3788464783752582,0.5097325884398732,0.5151742354697865,0.5118173425102197,0.4773495124153939,0.4728519605375896,0.3116513021312208,0.5112310095881879,0.5289957958888869,0.35511439615190504,0.5423723508778184,0.4250140110818864,0.5947258650921332,0.0,0.4772646498296545,0.49006953893354704,0.41406539089617633,0.5718489243931542,0.5185187428145607,0.5083236817366508,0.6423625708302472,0.3838489022801226,0.17391026171365456,0.5137211995530943
FUE_85,0.5032646451379093,0.4721267449546825,0.4497762932380955,0.4844435837147073,0.47949155134604265,0.567424242100067,0.2821085074905536,0.40780075390542203,0.5952126686686057,0.48426690646887777,0.5083822450567204,0.5202120593372368,0.3688072207675712,0.499094513367779,0.5044624227105924,0.5011519486146314,0.4670184030531768,0.46254993922008014,0.30164715170025486,0.5005734129483985,0.5180570017289703,0.34509308048353743,0.5311467988333222,0.414902788210021,0.5812977396222434,0.0,0.4669341137097722,0.47964060845611173,0.4039776302226287,0.5596547131084326,0.5077575262316154,0.497703442926142,0.6239102007159089,0.3738046505975236,0.16391772685041178,0.5030298568185141
FUE_86,0.5012240269046618,0.4699886750666853,0.44759761317370567,0.48233700052859907,0.477371368204166,0.5659351934635831,0.2798603295595243,0.4055811629498143,0.5942969380296154,0.4821598144885326,0.5063643076540445,0.5182563982386917,0.3665707873603361,0.49703706090754324,0.5024269059932805,0.49910262570157116,0.46486938904757463,0.4603922283910875,0.2994001784324911,0.49852177004261383,0.5160888657558879,0.3428512612021618,0.5292634815993607,0.41268794400585046,0.5800545698859978,0.0,0.46478492834884416,0.47752081527828993,0.40175574986997653,0.558055386983414,0.5057366936309889,0.49564068106084,0.6240537424559763,0.371569716088688,0.1616672652225861,0.5009882528847082
FUE_87,0.4504544581569199,0.4189101007731646,0.3963910075704354,0.4313579918476578,0.4263493224478094,0.5169633291372389,0.22843561564937087,0.3542460130776709,0.5472871298465362,0.4311791948500766,0.45566701805628507,0.4677582785365916,0.3151828438754084,0.4462139335186397,0.4516735827738624,0.44830535332255217,0.4137562688382185,0.4092516784001202,0.24797923450997722,0.44771711742525355,0.4655507659017292,0.29144645088828386,0.4789980430923058,0.36136768637575445,0.5319120215171854,0.0,0.41367126749344224,0.4265000028853243,0.35041341943701215,0.508717292586138,0.4550301699898312,0.44480067724890004,0.5809506044946198,0.32018646800720457,0.1102354055235835,0.4502155460206414
FUE_88,0.48185203189968523,0.4508443503583828,0.4285483388349138,0.46311905054697144,0.45818521135598367,0.5452856081507782,0.2609739593308834,0.3866277475639826,0.572338643704492,0.4629430537263753,0.48693940968635746,0.49868640505272405,0.34765686641113164,0.47770435235947034,0.48304300893293,0.47975094282435155,0.4457506694742767,0.44129386147889627,0.2805109818613405,0.4791755015993213,0.49654791808078536,0.32394997354697636,0.5095252379921059,0.3937234010305609,0.5588413602217089,0.0,0.445666609742484,0.4583337466352804,0.38280770191896424,0.5376597583752557,0.4863185469239469,0.47632036686290746,0.5997264978998964,0.3526522795966909,0.14278625318197477,0.4816185577479123
FUE_89,0.5063136914847248,0.47483139600912183,0.45233792746623663,0.48725932337292666,0.48225928715272026,0.5724553816030368,0.28442606789194486,0.41021860756973494,0.6023663144755348,0.4870808496382304,0.5115116903014252,0.5235627397637337,0.3711659677336022,0.5020839457341201,0.5075295448028081,0.5041701632661556,0.46968448338936714,0.46518538423152794,0.3039689355884694,0.5035834125614583,0.5213633090957457,0.34743293685864673,0.5347553655662212,0.41733730909158023,0.5872311232394418,0.0,0.4695995903020013,0.48240972026182005,0.4063874465711209,0.5642850008685251,0.5108767034263566,0.500674084001591,0.6351689347002952,0.37616865575599906,0.16622728142891932,0.5060754111609617
FUE_90,0.4898754548448394,0.4588464286575276,0.4365414798525417,0.4711280410281889,0.4661912181243362,0.5534271875202993,0.26895174717945786,0.3946118596786961,0.5805984480986407,0.4709519326329959,0.49496777982047124,0.5067283193623405,0.35563725400572294,0.48572409838547886,0.4910675453051611,0.48777246503272703,0.4537503417183943,0.449291620434696,0.2884890364694405,0.48719651702610367,0.5045871239351923,0.33192916919738197,0.5175828134049605,0.40170856205104966,0.5670342008773674,0.0,0.4536662442997967,0.4663398389974263,0.39079130801446177,0.5457780684681149,0.49434628598190805,0.48433895232705476,0.6081932681012125,0.36063299883228633,0.1507635352696297,0.4896417655146867
FUE_91,0.45884375153874685,0.4272949514289652,0.4047740255968542,0.43974427096922347,0.4347349837634853,0.5253790285086855,0.2368155226258294,0.3626271959118235,0.5557327700701025,0.439565450836309,0.46405735465461556,0.4761514977100978,0.3235632743736481,0.45460245486570056,0.4600631104968017,0.4566942472586023,0.42214062453796114,0.4176356413469479,0.25635919514397343,0.45610590498692466,0.4739434055103241,0.2998266411952865,0.48739464462723076,0.369749081577606,0.5403402308938015,0.0,0.4220556154498422,0.43488568189867766,0.3587944998971903,0.5171275341261427,0.46342037322653384,0.4531889555001038,0.5894595325584346,0.32856696538471913,0.11861521080660233,0.4586047941441582
FUE_92,0.7911112291072211,0.7598178841126593,0.7374027083610633,0.7721849275063514,0.7672112080977607,0.8561540591575181,0.5696242299928952,0.6953619972346755,0.8848668294340012,0.7720074388535075,0.7962650330204063,0.8081943054600098,0.6563416429441458,0.786914232236088,0.7923171490584316,0.7889846404447735,0.7546920965302716,0.7502097709751695,0.589164792152257,0.7884024024544626,0.8060193189736868,0.6326189269286379,0.8192446744301157,0.702471591580221,0.8704231861483447,0.08090905298507635,0.7546075340526442,0.7673608870114786,0.6915352274342581,0.8482074724222453,0.7956356922265403,0.7855146898344905,0.9152896046008862,0.6613414595127652,0.45142981354413736,0.7908748675974014
FUE_93,0.4920332905100112,0.4608525884938941,0.43848428654049704,0.47318326167092767,0.46822525444330926,0.556434262065642,0.2707859341057358,0.396490756579761,0.5844719954437244,0.47300636091328335,0.49716084539071503,0.5090179806676502,0.3574898145523782,0.48785576830398963,0.49323330743645505,0.48991677269776795,0.4557394368957584,0.4512671505813761,0.2903251083553748,0.48933721850922196,0.5068574517844121,0.3337733047610529,0.519984433894294,0.4035948786983884,0.5704148775611234,0.0,0.4556550722408043,0.468374482888693,0.3926666258875177,0.5486165937833358,0.4965348559601379,0.4864623666778231,0.6136259085419624,0.36248790379503204,0.15259414864194265,0.4917980694942128
FUE_94,0.5355826059426884,0.504398585755441,0.48202890088313693,0.5167303310978546,0.5117718607803111,0.6000023472158661,0.31432818157689835,0.44003397766474817,0.6280595698946333,0.5165534130155366,0.5407109330108655,0.5525701883765552,0.40103246202376,0.53140451058168,0.5367827965571137,0.5334657917642975,0.4992850614813248,0.49481247901218434,0.3338673968558667,0.5328861585867499,0.5504092348265811,0.37731576879893847,0.5635391041300676,0.44713826144336577,0.6139913237188597,0.0,0.4992006909912149,0.5119211025044518,0.43620976900209635,0.5921809277405728,0.5400848450126187,0.5300109281826643,0.657249432628808,0.4060306023159813,0.19613631833300543,0.535347351367207
FUE_95,0.47145406300580583,0.4398834973485378,0.4173535965250215,0.452339813902357,0.44732750037083807,0.5381189424593746,0.24937986215297558,0.3751977812398852,0.5686201263249069,0.4521608804369032,0.4766727786413711,0.48878105168345315,0.33613017662224,0.467208983205839,0.47267457035098603,0.46930260131734236,0.4347267463031117,0.43021983962033983,0.2689237973259331,0.46871373779373043,0.4865701181503303,0.31239236765037365,0.5000407845996879,0.38232070661620293,0.5531416861984846,0.0,0.43464169929141994,0.44747828519514055,0.37136458403167943,0.5298406274967995,0.4760351436092361,0.4657942926925492,0.6026602770080534,0.34113419502926745,0.13117905254670653,0.47121488382681426
FUE_96,0.6018059757857791,0.5706139364378845,0.5482409099450525,0.5829482727277379,0.5779886833042875,0.6662711128495853,0.38053447217352004,0.5062426204431765,0.694375533363358,0.5827713127778722,0.6069361692918769,0.6188005495852358,0.46723971897355876,0.5976264951276908,0.6030065862091497,0.5996884452932165,0.5654995116159063,0.561026213523926,0.40007378657327636,0.599108621202447,0.6166385694214793,0.44352258259184896,0.6297754189798953,0.5133472947959794,0.6802803297545049,0.0,0.565415127025695,0.5781379571174592,0.5024182234037992,0.658440616212019,0.6063098430423303,0.5962324758177898,0.7236526217844194,0.47223798259739114,0.2623424210251789,0.601570640096134
FUE_97,0.5362350235898083,0.5048144642787497,0.48234653051144927,0.5172225160439691,0.5122310729575622,0.6020145611949829,0.3144781105139822,0.44025282136091887,0.6315245126355014,0.5170443640193523,0.5414185598571658,0.5534297139430199,0.40121069230045286,0.5320159891936765,0.5374476270147455,0.5340970364732754,0.49967444412988027,0.4951808163028069,0.33402022800661924,0.5335117617106419,0.5512382966731684,0.3774810185328541,0.5645756522450254,0.4473685571531968,0.6166215368493402,0.0,0.4995896588950476,0.5123812598443299,0.43642309021510683,0.5939183692782491,0.5407854211113503,0.5306095016833553,0.6635116132548451,0.4062124456871794,0.19628074595566,0.5359973709931146
FUE_98,0.5934571068193476,0.5620225448015681,0.5395488154497734,0.5744351061150038,0.5694417135138298,0.6593185174728668,0.3716705307904128,0.4974492911745893,0.6889185861821531,0.5742568811090416,0.5986439214829286,0.610664115324347,0.45840477489244963,0.5892356438820139,0.5946704469996462,0.5913178634418143,0.5568809605056444,0.552386090920195,0.3912128187024899,0.5907322540401505,0.608470882773745,0.4346743385723784,0.6218206253074289,0.5045657004772848,0.6739634901419851,0.0,0.5567961507939078,0.5695919562643885,0.49361923530144264,0.6512055907819879,0.5980103638407546,0.5878283912649306,0.721087246960287,0.46340674057060416,0.25347284322087604,0.5932193119117768
FUE_99,0.5123406712706525,0.4812661619616279,0.4589421868143073,0.4935624967902743,0.48861931800846103,0.5761452865131387,0.2913197939958887,0.41699335604185267,0.6035714654634798,0.4933861506985348,0.5174435468462796,0.5292329880447356,0.3780108289475106,0.5081814753633136,0.5135351359911478,0.5102336287298835,0.47616495178931645,0.47170215707503427,0.31085765048458575,0.5096566002509276,0.5270860111351027,0.3543002094659005,0.5401209316098334,0.42409228959136414,0.5898625967228162,0.0,0.4760807741300218,0.48876812119613927,0.41317172805248376,0.5684462172312654,0.5168207069641503,0.5067938552807455,0.6316171692696435,0.3830072790433471,0.17313050673544816,0.5121065231154733
FUE_100,0.5088555085544941,0.47762080705251436,0.45523001579712913,0.48996892252797813,0.4850033809184626,0.5735629704458128,0.2874931948302092,0.4132138379943101,0.6019208210261117,0.48979173988213054,0.5139956377645241,0.5258873119061135,0.3742035744925539,0.5046686549892053,0.5100583535638712,0.506734165492598,0.4725015939895522,0.4680244912969003,0.3070330356891694,0.5061533253278794,0.5237198628843276,0.3504840841698485,0.5368939108547425,0.420320587453604,0.5876806822811973,0.0,0.472417134432992,0.4851528253917752,0.40938844015277515,0.5656839079028738,0.5133680430891994,0.5032723105949709,0.6316703132214624,0.3792024932471491,0.16930014568500784,0.5086197411188378
FUE_101,0.4983356715710828,0.5336141318572021,0.3238161780128761,0.5159572345458823,0.5292208950674359,0.5461939554344173,0.34511912352907276,0.4803396629672912,0.5904005174824307,0.5351495608833969,0.4214285220377575,0.4831646317065988,0.40364105545161016,0.47533713294657287,0.49895820247934114,0.45604449893579807,0.48658245639768527,0.5036548623114272,0.4551590853514581,0.4122201081042905,0.48830960200119666,0.30320613698336046,0.46958268433460165,0.48398006826382406,0.5902506594379231,0.3874684373122896,0.3582962599331053,0.3622647608291122,0.4767689866282043,0.5185574861605515,0.512388909606519,0.4496874157854425,0.6082256058117914,0.35605736689616624,0.3606670043760805,0.4684653208311975
FUE_102,0.45155333178133394,0.48775157368662897,0.27617854611669757,0.46955204063946504,0.4832043346462713,0.5008586869415659,0.2974956785603054,0.43328919879390626,0.5485699970138244,0.4893442164700691,0.37395246467240134,0.4361500625257919,0.35610858493716196,0.4282279270722379,0.4521870059588343,0.40875698492657353,0.4396141520165921,0.45697244668295844,0.40786493609993885,0.3647123460094674,0.4413659243536885,0.25555948333271133,0.42241285936655226,0.4369762479187625,0.5484016350413871,0.3398995047183902,0.3106851467688151,0.3146580449611733,0.42967599161108816,0.47222036827520825,0.4658960085533507,0.40235478503205874,0.5691163482885112,0.3084439227327179,0.31305847601639275,0.4212845201818766
FUE_103,0.5572525446620383,0.5928623449453712,0.3824214371363925,0.5750104412647132,0.5884139022307323,0.6056303638340859,0.40372957910631485,0.5391592129148939,0.6510556293147018,0.5944182558928386,0.48009290819966555,0.5419972299997354,0.46228481138397515,0.5341353165848903,0.5578791131375682,0.5147777281736294,0.545431863821385,0.5626079206792919,0.5138898946508075,0.47087290169599444,0.5471679528821943,0.36180809109093914,0.5283588020545686,0.542816572753864,0.6508994826209791,0.446098851248506,0.4169112317023729,0.4208813428193644,0.5355730682889592,0.5776352316431035,0.5714104698148822,0.5084041864797806,0.6697889329901373,0.4146714850537056,0.4192829226711373,0.5272374414819718
FUE_104,0.6118593238028989,0.6474400347918154,0.43705541382046914,0.629605272559351,0.6429964509737399,0.6601914530589308,0.4583631035126766,0.5937745029911318,0.7055078290321262,0.6489941417986307,0.5347217361790813,0.5966113798715018,0.5169154364476611,0.5887524731288128,0.6124855388655622,0.5694005543851766,0.6000445444596771,0.6172115315528431,0.568512931961463,0.5255027395790258,0.6017798516172514,0.41644235540754054,0.5829778854174714,0.5974303812373698,0.7053522504414466,0.5007306381635672,0.47154436300333114,0.4755143339531305,0.5901897096800327,0.6322279092821518,0.6260080771572379,0.5630284482397757,0.72415840092176,0.46930469065854535,0.47391597157902043,0.5818568737901493
FUE_105,0.6022785246840014,0.6380110574570595,0.4273330023142341,0.6200867861368126,0.6335420883362749,0.6508492843405838,0.4486430442837473,0.5841493542368876,0.6967381124193258,0.6395745918029663,0.525026108150421,0.5869921707663127,0.507210458700047,0.5791176026437572,0.6029065820330968,0.5597361620832108,0.5904329898494207,0.6076472500776123,0.5588474407434829,0.5158018571350109,0.59217237099619,0.4067184479831573,0.5733329804553687,0.5878129506314819,0.6965795333945403,0.49101961638449537,0.4618263483715861,0.4657970483672366,0.5805575222806287,0.6227206616933354,0.6164751069631333,0.5533565833056275,0.7158271977303097,0.45958628955655795,0.46419838549394893,0.5722101517667161
FUE_106,0.4721208240379386,0.5072275382215281,0.297764438049812,0.48967151091333594,0.5028627970301851,0.5197105784199313,0.31906465087892655,0.45417559104291433,0.5633035091932673,0.5087524072282813,0.39534571417437087,0.45699374344573745,0.37756908124056,0.44918422843380207,0.4727412517042004,0.4299255884268779,0.46040279118850874,0.47742117441847276,0.42904144262150945,0.3861433870647704,0.4621252687625719,0.2771561352721665,0.44344132052064134,0.4578071399677273,0.5631567603312464,0.36140347307761794,0.33223941268050644,0.33620706700544833,0.45061299870270055,0.49225903663575454,0.4861196119735152,0.4235771295691932,0.5806856252924077,0.33000096844540766,0.3346096594840503,0.4423260483544399
FUE_107,0.45458118218703797,0.4907802459282311,0.279205645760282,0.47258022620132534,0.486232868228769,0.503887837188022,0.3005227905524654,0.4363168124603394,0.5516024558615374,0.4923729403341992,0.37697970516114043,0.43917770781197646,0.35913577619859804,0.43125548904230926,0.45521486623095286,0.41178439034595443,0.44264183809075813,0.4600003856416083,0.4108923357044911,0.3677395588251533,0.4443936321546816,0.2585865751254095,0.42544036805169944,0.44000390267797124,0.5514340758044821,0.3429266641917946,0.31371226949766357,0.31768517151916964,0.4327035678416561,0.47524861460371026,0.46892411594715966,0.405382150928365,0.5721515409791792,0.31147104343187837,0.3160856009960378,0.42431201922617345
FUE_108,0.4890889663447867,0.5247699172796347,0.3141914640247994,0.5068760694045671,0.5203095800768699,0.5375786042552354,0.33550070908251056,0.4709748442988125,0.5832717860348121,0.52633024525428,0.4118754946062857,0.47381564594014286,0.3940630135591107,0.46594639023614953,0.4897163983917436,0.4465749606359174,0.477253868180368,0.4944520848368369,0.44568661186741737,0.40265302423872207,0.4789918670897245,0.29357741647262475,0.46016517121507106,0.4746358224599472,0.5831142363088558,0.37787421921750225,0.3486833204752461,0.3526537734707776,0.4673853998349257,0.5095061269410661,0.5032693097754425,0.4401979152371257,0.6022100028358125,0.34644339259504453,0.351055212406646,0.45904295872989787
FUE_109,0.48501972144402933,0.5207550193903098,0.3100716275380921,0.5028291167819599,0.5162855873246973,0.5335948311876414,0.33138171216205276,0.4668897448556466,0.5794941812690361,0.5223187257209418,0.4077652191667076,0.46973266930760244,0.38994940010324086,0.4618578166482778,0.48564781229602333,0.44247583998036316,0.47317362749097425,0.4903887472641024,0.4415870986908667,0.3985408728270655,0.4749130826805925,0.2894570460822102,0.45607301220064966,0.4705534814903747,0.5793355467742524,0.373758448160191,0.34456505332675547,0.3485357665433459,0.46329778502515223,0.5054631970012285,0.4992171739232147,0.4360961255530914,0.598591410065967,0.34232498750333146,0.3469370982206082,0.45495015051214294
FUE_110,0.6624253349751972,0.6984146095202286,0.4872422137525825,0.6803387181840351,0.6939025657911879,0.71140058283128,0.5085561877189316,0.6442215603667727,0.7582813779697781,0.699994155501858,0.5849801192811397,0.6470743581842301,0.5671488236318736,0.6391734787351645,0.6630564952256645,0.6197425010894986,0.6505280449554698,0.6678218914412094,0.6188519372987519,0.5757470743518137,0.652274276887551,0.46662515914609964,0.6333720100888385,0.6478981273480299,0.7581175181237768,0.5509478711478688,0.5217429098959386,0.5257148287763261,0.6406179044248723,0.6829915911928873,0.6767025734325146,0.6133503957752668,0.7781517815030857,0.5195022049642817,0.5241156634956081,0.6322461317807797
FUE_111,0.6742429677358817,0.710192532655031,0.49909644212576215,0.6921401128435486,0.7056871632024412,0.7231555761929052,0.5204098116712906,0.6560506996995751,0.7698809324738346,0.7117695964452495,0.5968274587300068,0.6589019588940074,0.5789985696164062,0.6510051347957558,0.6748736490959689,0.6315817873803219,0.6623536617183035,0.6796352279587404,0.6306915072602635,0.5875957664674878,0.6640988372166114,0.4784797718370594,0.6452062617378251,0.659725267204655,0.7697179070168573,0.562799171834709,0.5335960083919488,0.5375677398881542,0.6524488660979518,0.6947900482471286,0.6885077498529185,0.625191610524557,0.7896270647663648,0.5313554027889014,0.5359686518450725,0.6440808532154823
FUE_112,0.5925261244326374,0.628328176803899,0.41751603385995184,0.6103628818269285,0.6238475622567063,0.6412062920854474,0.4388271461793646,0.5743767041291206,0.6873607104933992,0.6298960381071133,0.5152213312353882,0.5772222311610733,0.49740142481842237,0.5693405171274701,0.5931550235277807,0.5499456153258965,0.5806665439916265,0.5979023983988745,0.5490563931300309,0.5059946877199357,0.5824077849501418,0.3969007988836827,0.5635513181604469,0.578043822718717,0.6872007277702189,0.4812078312458501,0.4520113806738019,0.45598241243965953,0.5707816607605712,0.6130019024733534,0.6067445745290831,0.5435626310408943,0.7066562826882481,0.44977114598885803,0.45438361281599393,0.562427660843337
FUE_113,0.4750323469128656,0.5110289658715748,0.2998424633360625,0.4929487325721098,0.5065156872321942,0.5240191832598571,0.3211565489432811,0.4568264454201172,0.570928809488754,0.5126089711713492,0.3975816413931402,0.45967952760436004,0.3797499011827687,0.451777898671705,0.4756635956943919,0.43234551105157915,0.46313358106200675,0.48042969764864457,0.4314548948468249,0.3883483465815608,0.46488000825830783,0.27922533774415464,0.44597595036337406,0.46050338194460033,0.5707647945950169,0.36354866151093274,0.3343433681771506,0.33831532166949835,0.45322245268849365,0.4956021488721498,0.4893118884639076,0.42595304942182993,0.5908223396159714,0.3321026448984475,0.336716142122104,0.44484998524256053
FUE_114,0.47790800094881764,0.5132072890319206,0.3033688012696189,0.4955381494140242,0.5088105910063047,0.5257988849860252,0.3246720763473505,0.4599058500813614,0.570080684603867,0.5147440012991591,0.4009848932666237,0.46273164297857095,0.38319611943315746,0.45490197008966116,0.47853078643446795,0.4356052287968826,0.4661505290690026,0.4832294725628091,0.4347196620952682,0.39177574482488753,0.46787823926393896,0.28275855061776,0.4491461267367886,0.4635473262193317,0.5699304427233376,0.3670226556010572,0.3378494991443623,0.3418181021462002,0.45633419647545187,0.4981399440088823,0.49196783351692897,0.42924710412477446,0.587960733840376,0.3356105519777443,0.3402203036079209,0.44802851052527987
FUE_115,0.6788773871101268,0.7148350322232899,0.5037234104272206,0.6967778369964643,0.7103283050327381,0.7278027392309627,0.525036903071489,0.6606827767387815,0.7745596638859598,0.7164126009251433,0.601455829986919,0.6635343491678198,0.5836264507907261,0.655636699460149,0.679508165946221,0.6362117984982484,0.6669864558749414,0.6842705217875983,0.6353214606180252,0.5922238622608345,0.6687318464319904,0.48310666186621953,0.6498372979508524,0.6643577512979773,0.7743964691799279,0.5674267363893455,0.5382232068077074,0.5421949764667582,0.6570805721331496,0.6994283701702694,0.6931447044181004,0.6298212289704809,0.7943309784800652,0.5359825809752522,0.5405958726933978,0.648711793779692
FUE_116,0.472074734525163,0.50779738605259,0.2971384036881932,0.4898789437787294,0.5033300710741765,0.5206299504304257,0.318448293178776,0.45394844526477796,0.5664812067795936,0.5093603058998598,0.39482977297371613,0.45679087606170116,0.3770147298264742,0.4489173249275845,0.472702672137922,0.4295378005884566,0.4602311979836833,0.4774423862348126,0.428649150557478,0.38560586270549235,0.461970314494956,0.2765239463217876,0.44313335418222694,0.4576115404192935,0.566322825731147,0.3608242793930759,0.3316314647266275,0.3356021174610211,0.45035707035655337,0.49251208797061363,0.4862682069067911,0.4231587066816979,0.5855412382918302,0.32939143096472734,0.334003474068025,0.44201064344499624
FUE_117,0.5464211033832714,0.5818541382554622,0.37175573922961735,0.5641063339691545,0.577435185072799,0.5945215143215068,0.3930611212367369,0.5283795884333459,0.6392907826044163,0.5833991044518294,0.46939579855004443,0.5312106610529264,0.4515986636961947,0.5233670616457807,0.5470455211586056,0.5040440231277701,0.5346363476315978,0.5517572016121457,0.5031574763886261,0.46018195206952395,0.536367675653869,0.35114414848847847,0.5176022865524404,0.5320279247236276,0.6391380398643595,0.43541979176009615,0.4062403750643301,0.4102096308903633,0.5248016750930257,0.5667180353314542,0.5605232383959734,0.4976792325628555,0.6575304225494419,0.404001081818004,0.4086115632745046,0.5164830522281594
FUE_118,0.4935832791619661,0.5290590505770755,0.3188777391612565,0.5112860920583621,0.5246329756710431,0.5417507079216022,0.34018379100343826,0.4755292147624979,0.5866773374446057,0.5306066591212253,0.4165254203685583,0.47836196982564316,0.3987256260665968,0.47051393308078837,0.49420821759997974,0.4511825200479732,0.4817898238022668,0.49892404374222443,0.45029566132195176,0.407310079477942,0.4835223050282594,0.29826572239823196,0.4647463129682777,0.47917973716385054,0.5865237822045394,0.3825450342491027,0.35336362698253176,0.357333090372012,0.4719493069899703,0.5139009583891226,0.5076989149143382,0.44481560760994104,0.6050343665839394,0.35112422370267365,0.3557349372033314,0.4636265632996581
FUE_119,0.4470913510411654,0.4833776659948706,0.2716362430691599,0.46512595877235974,0.47881555660614183,0.4965360759664021,0.2929546956255094,0.42880187607122155,0.54460388183172,0.4849758461002951,0.3694252205906565,0.4316661238339969,0.3515760770309326,0.42373507215423073,0.4477260816545676,0.4042473807070526,0.43513457889927426,0.4525199484469999,0.40335470986100336,0.3601821428093058,0.436888676832361,0.2510163410115647,0.41791430289020426,0.43249332309964433,0.5444335644176328,0.33536359804241567,0.3061453116575532,0.310118619217639,0.4251846626945351,0.46780079791082024,0.4614615517547589,0.397840953131277,0.5654467106999982,0.3039038706322854,0.3085188815335874,0.41678493219038815
FUE_120,0.7685807524990027,0.8044702071002885,0.5934897297393233,0.7864533027372217,0.7999749324297335,0.8173985953296531,0.614802181757858,0.750405924930468,0.8638900734988202,0.806043517461809,0.6912102904256229,0.753254851455261,0.6733850535079484,0.7453641759667157,0.7692107082254563,0.725952400693951,0.7567035467313746,0.7739665035090476,0.725062550879542,0.6819806509368354,0.7584471208599549,0.5728736428698215,0.7395692389257602,0.754077461112575,0.8637282986405553,0.657188015401828,0.6279875808443862,0.6319590278995755,0.7468068543689609,0.7890987908715188,0.7828266659580116,0.7195651492758285,0.8834505256429261,0.6257471260189241,0.6303600570995319,0.73844454285348
